0 0.22265625 0.78671875 0.05 0.0296875
0 0.25703125 0.63046875 0.04375 0.03125
0 0.11875 0.4734375 0.0421875 0.040625
0 0.0859375 0.571875 0.0484375 0.028125
0 0.31171875 0.66953125 0.053125 0.03125
0 0.46328125 0.5234375 0.03125 0.025
0 0.38671875 0.3953125 0.05 0.025
0 0.42265625 0.41484375 0.034375 0.025
0 0.37421875 0.26171875 0.04375 0.0296875
0 0.275 0.23515625 0.0515625 0.0375
0 0.16953125 0.2125 0.040625 0.028125
0 0.203125 0.30703125 0.0421875 0.03125
0 0.35546875 0.2234375 0.040625 0.021875
0 0.56875 0.31796875 0.05625 0.0375
0 0.6421875 0.3203125 0.046875 0.028125
0 0.76171875 0.34140625 0.06875 0.03125
0 0.83671875 0.42421875 0.0640625 0.034375
0 0.71328125 0.43203125 0.040625 0.028125
0 0.86171875 0.540625 0.053125 0.053125
0 0.78828125 0.63359375 0.040625 0.021875
0 0.6171875 0.61015625 0.04375 0.0265625
0 0.61796875 0.6609375 0.0359375 0.028125
0 0.565625 0.66171875 0.0375 0.025
0 0.6734375 0.46171875 0.040625 0.025
0 0.76796875 0.67109375 0.0375 0.021875
0 0.50703125 0.24765625 0.0328125 0.0234375
0 0.25390625 0.20703125 0.053125 0.021875
0 0.0484375 0.46640625 0.053125 0.034375
0 0.34609375 0.77890625 0.0546875 0.040625
0 0.5140625 0.77578125 0.065625 0.025