0 0.7453125 0.2859375 0.071875 0.06875
0 0.64296875 0.29296875 0.0875 0.0546875
0 0.66171875 0.35234375 0.075 0.065625
0 0.52890625 0.31328125 0.071875 0.046875
0 0.45546875 0.32734375 0.075 0.053125
0 0.5828125 0.18515625 0.075 0.0484375
0 0.13125 0.3625 0.075 0.053125
0 0.38359375 0.72578125 0.134375 0.0671875
0 0.62578125 0.79296875 0.109375 0.053125
0 0.58359375 0.7484375 0.071875 0.053125
0 0.6875 0.671875 0.09375 0.0453125
0 0.528125 0.44921875 0.153125 0.065625
0 0.646875 0.52734375 0.1015625 0.06875
0 0.4015625 0.584375 0.103125 0.0765625
0 0.34140625 0.6328125 0.071875 0.0453125
0 0.23046875 0.5390625 0.084375 0.0375
0 0.32265625 0.85546875 0.134375 0.059375
0 0.20625 0.47890625 0.0796875 0.04375
0 0.12265625 0.61015625 0.096875 0.053125
0 0.2484375 0.64609375 0.078125 0.034375
0 0.43671875 0.68359375 0.0765625 0.046875
0 0.51875 0.69765625 0.059375 0.053125
0 0.50234375 0.75234375 0.0609375 0.059375
0 0.63828125 0.61875 0.0625 0.0515625
0 0.74375 0.62890625 0.053125 0.034375
0 0.45859375 0.52734375 0.0859375 0.0609375
0 0.2859375 0.47734375 0.065625 0.09375
0 0.521875 0.375 0.1375 0.06875
0 0.6140625 0.4 0.0734375 0.040625
0 0.70390625 0.221875 0.15 0.0875