0 0.01796875 0.9703125 0.028125 0.0546875
0 0.03671875 0.93515625 0.0421875 0.071875
0 0.1140625 0.92265625 0.0453125 0.06875
0 0.3203125 0.77265625 0.0375 0.053125
0 0.228125 0.71875 0.03125 0.084375
0 0.2203125 0.590625 0.034375 0.0828125
0 0.16875 0.7234375 0.03125 0.046875
0 0.028125 0.63203125 0.05625 0.0625
0 0.246875 0.8375 0.0390625 0.0578125
0 0.51484375 0.80859375 0.034375 0.071875
0 0.5 0.87734375 0.05 0.05
0 0.4640625 0.74921875 0.0625 0.06875
0 0.36328125 0.7109375 0.03125 0.10625
0 0.39765625 0.69453125 0.0328125 0.0578125
0 0.32890625 0.375 0.0265625 0.06875
0 0.44453125 0.1390625 0.03125 0.0625
0 0.3921875 0.6 0.05 0.075
0 0.284375 0.6671875 0.0234375 0.040625
0 0.3125 0.634375 0.03125 0.0609375
0 0.2453125 0.93125 0.03125 0.046875
0 0.8046875 0.61484375 0.05 0.078125
0 0.8625 0.7265625 0.04375 0.075
0 0.89140625 0.928125 0.06875 0.0796875
0 0.96015625 0.88359375 0.034375 0.0625
0 0.76171875 0.3796875 0.028125 0.0609375
0 0.77421875 0.74609375 0.05 0.109375
0 0.7984375 0.9734375 0.0453125 0.053125
0 0.65625 0.5609375 0.034375 0.046875
0 0.89375 0.4453125 0.0421875 0.0578125
0 0.91484375 0.53359375 0.0359375 0.059375
0 0.7484375 0.853125 0.0390625 0.059375
0 0.67265625 0.26875 0.04375 0.078125
0 0.36015625 0.4125 0.025 0.05
0 0.8328125 0.48515625 0.04375 0.053125
0 0.83203125 0.40625 0.053125 0.05
0 0.7359375 0.44140625 0.0328125 0.053125