0 0.07890625 0.86484375 0.065625 0.040625
0 0.17734375 0.8359375 0.0828125 0.05
0 0.28515625 0.65390625 0.0625 0.04375
0 0.38828125 0.5640625 0.0640625 0.05
0 0.434375 0.45 0.0625 0.04375
0 0.5609375 0.53828125 0.0421875 0.046875
0 0.67265625 0.7140625 0.05625 0.0390625
0 0.61796875 0.653125 0.1015625 0.04375
0 0.85546875 0.4125 0.0625 0.0375
0 0.95234375 0.7609375 0.0609375 0.040625
0 0.36640625 0.83515625 0.0421875 0.028125
0 0.29921875 0.778125 0.078125 0.03125
0 0.371875 0.65234375 0.05625 0.0375
0 0.3921875 0.68828125 0.078125 0.0375
0 0.79296875 0.6125 0.0625 0.034375
0 0.66328125 0.45390625 0.0484375 0.040625
0 0.50625 0.990625 0.06875 0.01875
0 0.59609375 0.73515625 0.04375 0.028125
0 0.6 0.6921875 0.065625 0.034375
0 0.453125 0.796875 0.04375 0.0328125
0 0.434375 0.82734375 0.0484375 0.0265625
0 0.45703125 0.73828125 0.059375 0.03125
0 0.1421875 0.4828125 0.075 0.040625
0 0.225 0.43359375 0.0734375 0.040625
0 0.81171875 0.8421875 0.046875 0.0296875