0 0.8828125 0.4046875 0.053125 0.046875
0 0.85703125 0.53828125 0.05625 0.05
0 0.646875 0.3421875 0.059375 0.053125
0 0.6484375 0.415625 0.059375 0.065625
0 0.6796875 0.44765625 0.053125 0.04375
0 0.64609375 0.49765625 0.08125 0.053125
0 0.57421875 0.41171875 0.0671875 0.040625
0 0.6375 0.62890625 0.084375 0.071875
0 0.48828125 0.81796875 0.090625 0.0625
0 0.3625 0.859375 0.046875 0.0375
0 0.3984375 0.69765625 0.096875 0.0734375
0 0.3890625 0.39375 0.0640625 0.0828125
0 0.3171875 0.3015625 0.046875 0.05
0 0.425 0.2640625 0.0703125 0.0640625
0 0.56640625 0.490625 0.059375 0.08125
0 0.15078125 0.88828125 0.0359375 0.0734375
0 0.1 0.9640625 0.0578125 0.0703125
0 0.3296875 0.97734375 0.05625 0.0453125
0 0.23203125 0.72890625 0.05625 0.10625
0 0.18203125 0.4265625 0.053125 0.0703125
0 0.24609375 0.5609375 0.04375 0.053125
0 0.44765625 0.41171875 0.0375 0.05625
0 0.475 0.12265625 0.05 0.046875
0 0.26640625 0.20390625 0.053125 0.046875
0 0.234375 0.26640625 0.046875 0.046875
0 0.2078125 0.22421875 0.0546875 0.0515625
0 0.1859375 0.3015625 0.04375 0.053125
0 0.8125 0.771875 0.05 0.040625
0 0.48671875 0.21640625 0.0421875 0.0375
0 0.61328125 0.82734375 0.04375 0.05
0 0.1453125 0.771875 0.04375 0.0734375
0 0.0875 0.4515625 0.04375 0.071875
0 0.15703125 0.5625 0.08125 0.071875
0 0.3015625 0.67890625 0.06875 0.109375
0 0.296875 0.8 0.075 0.103125
0 0.234375 0.13359375 0.05625 0.053125
0 0.35078125 0.021875 0.0625 0.04375
0 0.36796875 0.21328125 0.084375 0.075