0 0.68125 0.23671875 0.040625 0.06328125
0 0.6921875 0.325 0.071875 0.103125
0 0.74296875 0.22890625 0.05703125 0.096875
0 0.35 0.0484375 0.0734375 0.096875
0 0.38515625 0.49140625 0.046875 0.0890625
0 0.32421875 0.53359375 0.065625 0.09765625
0 0.596875 0.83828125 0.04296875 0.09296875
0 0.4328125 0.75390625 0.06796875 0.09765625
0 0.5328125 0.77890625 0.05078125 0.08046875
0 0.4890625 0.66484375 0.03125 0.0671875
0 0.4265625 0.63125 0.0421875 0.07109375
0 0.55390625 0.63515625 0.08046875 0.07265625
0 0.61171875 0.340625 0.0515625 0.0875
0 0.54296875 0.359375 0.08125 0.12265625
0 0.42890625 0.31328125 0.084375 0.103125
0 0.55078125 0.57109375 0.06015625 0.05078125
0 0.44765625 0.09453125 0.0484375 0.08671875
0 0.665625 0.15625 0.059375 0.12109375
0 0.55703125 0.24609375 0.10859375 0.090625
0 0.40234375 0.19921875 0.05 0.0953125
0 0.2046875 0.0890625 0.06484375 0.103125
0 0.33203125 0.153125 0.07734375 0.08671875
0 0.35078125 0.3078125 0.0671875 0.10234375
0 0.546875 0.4859375 0.0625 0.10390625
0 0.4609375 0.4828125 0.09765625 0.2109375
0 0.23125 0.21640625 0.11171875 0.0890625