0 0.15390625 0.57890625 0.0203125 0.03203125
0 0.17421875 0.58046875 0.0171875 0.02421875
0 0.18515625 0.609375 0.01875 0.0296875
0 0.1734375 0.69140625 0.01640625 0.02734375
0 0.22109375 0.7328125 0.0234375 0.03828125
0 0.25 0.66796875 0.01875 0.0296875
0 0.23515625 0.5484375 0.021875 0.0265625
0 0.19609375 0.51796875 0.0140625 0.02734375
0 0.24921875 0.3828125 0.025 0.04296875
0 0.29375 0.5953125 0.0265625 0.0359375
0 0.29765625 0.7734375 0.028125 0.04375
0 0.30703125 0.559375 0.02265625 0.034375
0 0.290625 0.3765625 0.01953125 0.028125
0 0.25 0.3171875 0.015625 0.02578125
0 0.33359375 0.37109375 0.01796875 0.02578125
0 0.4515625 0.6171875 0.0265625 0.03671875
0 0.4875 0.7296875 0.021875 0.02890625
0 0.3609375 0.7609375 0.015625 0.02578125
0 0.32265625 0.6765625 0.01328125 0.021875
0 0.359375 0.615625 0.01328125 0.0203125
0 0.33046875 0.578125 0.0171875 0.02265625
0 0.2125 0.7828125 0.0296875 0.02734375
0 0.26953125 0.8859375 0.0234375 0.028125
0 0.390625 0.8859375 0.0171875 0.028125
0 0.5375 0.73359375 0.02578125 0.0328125
0 0.38671875 0.596875 0.01953125 0.02734375
0 0.4171875 0.6015625 0.02578125 0.03515625
0 0.4125 0.4890625 0.01640625 0.02578125
0 0.43671875 0.340625 0.02890625 0.03828125
0 0.52578125 0.39921875 0.02109375 0.03046875
0 0.57578125 0.434375 0.01796875 0.03203125
0 0.5765625 0.3984375 0.01484375 0.02734375
0 0.615625 0.4421875 0.01875 0.0265625
0 0.45625 0.72265625 0.03359375 0.0515625
0 0.40390625 0.7265625 0.021875 0.04609375
0 0.43359375 0.79375 0.0234375 0.03515625
0 0.39921875 0.83671875 0.0390625 0.0828125
0 0.52421875 0.809375 0.01875 0.02421875
0 0.5484375 0.79453125 0.0203125 0.0296875
0 0.571875 0.77734375 0.0234375 0.03046875
0 0.57421875 0.82265625 0.02109375 0.0296875
0 0.559375 0.83828125 0.01796875 0.02578125
0 0.6140625 0.71953125 0.0296875 0.03203125
0 0.55859375 0.72734375 0.0109375 0.0203125
0 0.52734375 0.628125 0.01953125 0.0328125
0 0.5484375 0.65859375 0.01484375 0.0390625
0 0.56875 0.609375 0.02265625 0.03359375
0 0.52421875 0.5625 0.03515625 0.04296875
0 0.34765625 0.68515625 0.0234375 0.03828125
0 0.35859375 0.85859375 0.04140625 0.08203125
0 0.45 0.6625 0.0109375 0.01953125
0 0.45859375 0.65 0.01171875 0.01796875
0 0.5578125 0.56796875 0.01484375 0.02109375
0 0.6421875 0.73203125 0.02734375 0.0375
0 0.690625 0.7765625 0.0171875 0.02578125
0 0.69296875 0.83359375 0.01953125 0.0328125
0 0.79375 0.70546875 0.01171875 0.03125
0 0.696875 0.6515625 0.01171875 0.01875
0 0.31484375 0.31328125 0.0359375 0.04375
0 0.2296875 0.43828125 0.0203125 0.02578125
0 0.34296875 0.259375 0.01953125 0.03046875