0 0.33359375 0.20703125 0.0375 0.05625
0 0.45625 0.2078125 0.034375 0.053125
0 0.3421875 0.646875 0.034375 0.0484375
0 0.51484375 0.571875 0.053125 0.090625
0 0.5703125 0.3984375 0.0375 0.059375
0 0.6171875 0.65859375 0.03125 0.0515625
0 0.93203125 0.3625 0.028125 0.04375
0 0.5890625 0.7109375 0.028125 0.04375
0 0.51484375 0.70546875 0.03125 0.034375
0 0.2234375 0.78984375 0.0359375 0.04375
0 0.23984375 0.915625 0.028125 0.040625
0 0.4328125 0.8875 0.0453125 0.053125
0 0.47734375 0.81171875 0.0359375 0.0453125
0 0.46328125 0.7734375 0.053125 0.0625