0 0.44609375 0.20390625 0.08671875 0.11484375
0 0.49296875 0.81328125 0.12265625 0.12265625
0 0.5890625 0.8921875 0.1015625 0.10859375
0 0.3859375 0.49453125 0.04375 0.05234375
0 0.609375 0.3390625 0.07890625 0.11796875
0 0.4515625 0.40234375 0.06484375 0.0625
0 0.52109375 0.40390625 0.0796875 0.1125
0 0.29296875 0.2484375 0.12421875 0.1109375
0 0.32734375 0.40234375 0.09140625 0.13359375
0 0.18515625 0.17578125 0.07421875 0.06015625
0 0.14453125 0.08515625 0.0859375 0.1359375
0 0.5 0.57421875 0.121875 0.13671875
0 0.38046875 0.58515625 0.0734375 0.11875
0 0.35546875 0.7703125 0.0859375 0.1390625
0 0.25234375 0.7171875 0.11171875 0.15078125