0 0.75625 0.2515625 0.065625 0.0390625
0 0.82109375 0.43515625 0.04375 0.04375
0 0.85703125 0.50625 0.0625 0.040625
0 0.7265625 0.4578125 0.05625 0.028125
0 0.7046875 0.49453125 0.0515625 0.03125
0 0.5390625 0.396875 0.059375 0.040625
0 0.72421875 0.64453125 0.0578125 0.0265625
0 0.77578125 0.6875 0.0578125 0.03125
0 0.9453125 0.77578125 0.0515625 0.028125
0 0.53515625 0.6078125 0.0515625 0.034375
0 0.38359375 0.6453125 0.05625 0.0359375
0 0.38828125 0.58046875 0.05 0.03125
0 0.121875 0.67890625 0.0578125 0.059375
0 0.20078125 0.5671875 0.0375 0.0234375
0 0.12890625 0.5375 0.053125 0.034375
0 0.734375 0.59140625 0.05625 0.03125
0 0.328125 0.484375 0.04375 0.028125
0 0.22734375 0.503125 0.05 0.034375
0 0.89765625 0.33828125 0.059375 0.046875
0 0.5265625 0.79921875 0.040625 0.021875