0 0.80703125 0.22734375 0.0875 0.059375
0 0.8109375 0.3375 0.1640625 0.1015625
0 0.828125 0.4375 0.0796875 0.059375
0 0.72734375 0.459375 0.075 0.078125
0 0.62109375 0.52578125 0.1203125 0.08125
0 0.5796875 0.33828125 0.134375 0.078125
0 0.5390625 0.24921875 0.0890625 0.06875
0 0.47734375 0.134375 0.0953125 0.125
0 0.59453125 0.43515625 0.078125 0.059375
0 0.68046875 0.39765625 0.078125 0.071875
0 0.4875 0.70625 0.109375 0.0828125
0 0.375 0.89453125 0.11875 0.071875
0 0.7171875 0.8875 0.1046875 0.1328125
0 0.71484375 0.72421875 0.125 0.071875
0 0.746875 0.60390625 0.09375 0.0734375
0 0.7109375 0.14609375 0.159375 0.1546875
0 0.60859375 0.028125 0.1546875 0.05625
0 0.3203125 0.02578125 0.109375 0.0515625
0 0.128125 0.41484375 0.103125 0.084375
0 0.3796875 0.47109375 0.0671875 0.05625
0 0.27890625 0.525 0.09375 0.0546875
0 0.384375 0.67109375 0.075 0.053125
0 0.51875 0.43203125 0.059375 0.0625
0 0.81875 0.5 0.0625 0.046875
0 0.46640625 0.38984375 0.059375 0.08125
0 0.528125 0.92890625 0.140625 0.0703125
0 0.62890625 0.82421875 0.096875 0.08125
0 0.45625 0.2921875 0.06875 0.04375