0 0.40234375 0.6734375 0.0734375 0.06640625
0 0.4890625 0.4953125 0.0734375 0.08828125
0 0.54140625 0.58203125 0.08125 0.0671875
0 0.753125 0.31171875 0.0546875 0.04765625
0 0.57421875 0.85 0.0546875 0.05859375
0 0.56171875 0.665625 0.04140625 0.05703125
0 0.47421875 0.65859375 0.04375 0.0484375
0 0.40234375 0.43359375 0.0421875 0.0546875
0 0.58671875 0.2890625 0.04375 0.0640625
0 0.6453125 0.3453125 0.0421875 0.06484375
0 0.6875 0.91796875 0.03984375 0.04921875
0 0.6828125 0.7375 0.04296875 0.0984375
0 0.684375 0.834375 0.0390625 0.04921875
0 0.534375 0.78671875 0.05390625 0.06484375
0 0.45078125 0.81796875 0.103125 0.09296875
0 0.60234375 0.5125 0.0359375 0.04296875
0 0.36953125 0.72421875 0.0390625 0.04453125