0 0.17109375 0.84453125 0.0609375 0.09296875
0 0.27265625 0.8046875 0.0671875 0.1125
0 0.18359375 0.94921875 0.0890625 0.08828125
0 0.7015625 0.2 0.05625 0.08046875
0 0.796875 0.40234375 0.04453125 0.0671875
0 0.671875 0.471875 0.0421875 0.06328125
0 0.5546875 0.4265625 0.0421875 0.06796875
0 0.78203125 0.69609375 0.04296875 0.06328125
0 0.74375 0.6109375 0.04765625 0.07421875
0 0.7578125 0.42890625 0.05078125 0.08203125
0 0.96328125 0.15703125 0.05546875 0.078125
0 0.89140625 0.5484375 0.040625 0.071875
0 0.90859375 0.6203125 0.06484375 0.06328125
0 0.9765625 0.471875 0.046875 0.13046875