0 0.7859375 0.0796875 0.04375 0.04375
0 0.75546875 0.58828125 0.04375 0.04375
0 0.6609375 0.71953125 0.046875 0.046875
0 0.44921875 0.68359375 0.0890625 0.05625
0 0.56875 0.5921875 0.096875 0.06875
0 0.41015625 0.453125 0.065625 0.059375
0 0.56953125 0.2296875 0.0625 0.046875
0 0.628125 0.07734375 0.0375 0.0359375
0 0.7484375 0.13046875 0.0484375 0.046875
0 0.74140625 0.85703125 0.05625 0.04375
0 0.42421875 0.74453125 0.071875 0.053125
0 0.28125 0.79453125 0.059375 0.0515625
0 0.153125 0.82109375 0.0609375 0.05625
0 0.21640625 0.5671875 0.053125 0.05
0 0.9828125 0.38984375 0.034375 0.053125
0 0.478125 0.559375 0.05625 0.065625
0 0.25234375 0.6515625 0.065625 0.0625
0 0.3265625 0.2453125 0.05625 0.0375
0 0.70859375 0.31953125 0.053125 0.046875
0 0.15546875 0.90078125 0.046875 0.04375
0 0.21953125 0.878125 0.046875 0.0484375
0 0.06015625 0.834375 0.08125 0.08125
0 0.23828125 0.94453125 0.065625 0.059375
0 0.29375 0.88984375 0.0671875 0.05625
0 0.55234375 0.95390625 0.053125 0.046875
0 0.95859375 0.67109375 0.053125 0.0390625
0 0.871875 0.81015625 0.046875 0.0453125