0 0.13515625 0.07890625 0.04140625 0.06640625
0 0.1640625 0.17734375 0.04921875 0.0828125
0 0.34609375 0.28515625 0.04296875 0.06171875
0 0.4359375 0.38828125 0.05078125 0.0640625
0 0.55 0.434375 0.04453125 0.06171875
0 0.46171875 0.5609375 0.046875 0.0421875
0 0.2859375 0.67265625 0.0390625 0.05703125
0 0.346875 0.61796875 0.04296875 0.1015625
0 0.5875 0.85546875 0.0375 0.0625
0 0.2390625 0.95234375 0.040625 0.0609375
0 0.16484375 0.36640625 0.02890625 0.0421875
0 0.221875 0.29921875 0.03125 0.078125
0 0.34765625 0.371875 0.03671875 0.05546875
0 0.31171875 0.3921875 0.03671875 0.07734375
0 0.3875 0.79296875 0.03515625 0.06171875
0 0.54609375 0.66328125 0.03984375 0.0484375
0 0.009375 0.50625 0.01875 0.06796875
0 0.26484375 0.59609375 0.02734375 0.04375
0 0.3078125 0.6 0.03515625 0.06640625
0 0.203125 0.453125 0.0328125 0.04453125
0 0.17265625 0.434375 0.0265625 0.0484375
0 0.26171875 0.45703125 0.03203125 0.05859375
0 0.5171875 0.1421875 0.04140625 0.07578125
0 0.56640625 0.225 0.040625 0.0734375
0 0.1578125 0.81171875 0.0296875 0.046875