0 0.18984375 0.55390625 0.125 0.075
0 0.1015625 0.14140625 0.10625 0.10625
0 0.56640625 0.18359375 0.1375 0.1
0 0.68203125 0.128125 0.084375 0.08125
0 0.43984375 0.0328125 0.1140625 0.065625
0 0.475 0.12109375 0.09375 0.075
0 0.12890625 0.75 0.1078125 0.078125
0 0.3546875 0.81640625 0.09375 0.084375
0 0.04375 0.8265625 0.0875 0.0828125
0 0.54375 0.3265625 0.078125 0.05
0 0.28203125 0.1453125 0.090625 0.0703125
0 0.50703125 0.95625 0.0609375 0.065625
0 0.37734375 0.89453125 0.08125 0.065625
0 0.603125 0.6375 0.0875 0.059375