0 0.9765625 0.1609375 0.046875 0.040625
0 0.91796875 0.21484375 0.078125 0.05
0 0.65625 0.01796875 0.078125 0.0359375
0 0.71328125 0.33515625 0.09375 0.05
0 0.70625 0.29609375 0.0671875 0.0375
0 0.2671875 0.29921875 0.084375 0.0484375
0 0.25859375 0.10703125 0.071875 0.040625
0 0.41015625 0.50078125 0.1 0.0578125
0 0.2515625 0.60859375 0.0859375 0.0578125
0 0.3015625 0.5859375 0.090625 0.053125
0 0.22890625 0.45546875 0.071875 0.065625
0 0.09609375 0.5921875 0.1 0.04375
0 0.3140625 0.6953125 0.0875 0.046875
0 0.71875 0.70625 0.065625 0.04375
0 0.66484375 0.625 0.08125 0.0359375
0 0.64375 0.58046875 0.0765625 0.0375
0 0.6109375 0.5546875 0.05625 0.040625