0 0.040625 0.2796875 0.028125 0.0515625
0 0.23671875 0.25859375 0.03125 0.0453125
0 0.3703125 0.10703125 0.0328125 0.046875
0 0.8828125 0.33203125 0.034375 0.0515625
0 0.97109375 0.16328125 0.028125 0.0625
0 0.9 0.615625 0.034375 0.05625
0 0.98125 0.571875 0.0375 0.06875
0 0.93984375 0.56328125 0.0328125 0.0578125
0 0.83046875 0.48359375 0.0375 0.053125
0 0.409375 0.33984375 0.03125 0.040625
0 0.375 0.34140625 0.0296875 0.046875
0 0.34921875 0.20078125 0.034375 0.046875
0 0.40078125 0.140625 0.03125 0.05
0 0.22890625 0.08984375 0.034375 0.05
0 0.2671875 0.346875 0.059375 0.0609375
0 0.80546875 0.33125 0.0359375 0.053125
0 0.14765625 0.23125 0.0390625 0.04375
0 0.73671875 0.14296875 0.065625 0.05
0 0.8203125 0.18046875 0.0375 0.05
0 0.77734375 0.61953125 0.0265625 0.05
0 0.5390625 0.4140625 0.034375 0.04375
0 0.428125 0.384375 0.034375 0.0515625
0 0.70078125 0.8171875 0.025 0.0390625