0 0.3234375 0.07734375 0.02890625 0.0484375
0 0.18125 0.01171875 0.03203125 0.0234375
0 0.240625 0.41328125 0.0359375 0.05
0 0.48046875 0.88828125 0.0453125 0.10078125
0 0.58671875 0.57890625 0.03203125 0.05234375
0 0.58671875 0.6328125 0.025 0.04765625
0 0.51328125 0.60234375 0.03515625 0.05625
0 0.51484375 0.50625 0.03203125 0.046875
0 0.62734375 0.4328125 0.0296875 0.05546875
0 0.48984375 0.30703125 0.05703125 0.10390625
0 0.4203125 0.33046875 0.0359375 0.046875
0 0.2984375 0.60703125 0.03984375 0.103125
0 0.409375 0.7203125 0.02890625 0.053125
0 0.46796875 0.65703125 0.0234375 0.05078125
0 0.48984375 0.7546875 0.03828125 0.053125
0 0.375 0.17421875 0.0359375 0.0484375