0 0.3671875 0.49765625 0.0578125 0.05625
0 0.4875 0.528125 0.05625 0.0703125
0 0.74296875 0.69609375 0.096875 0.1359375
0 0.8796875 0.21171875 0.04921875 0.0625
0 0.840625 0.10078125 0.04375 0.0625
0 0.90546875 0.73984375 0.05078125 0.06796875
0 0.6078125 0.6921875 0.05546875 0.06953125
0 0.37578125 0.6828125 0.046875 0.05
0 0.6484375 0.36796875 0.07578125 0.1171875
0 0.2109375 0.64296875 0.05546875 0.0546875
0 0.84140625 0.80703125 0.06484375 0.09609375
0 0.23828125 0.94453125 0.0484375 0.06328125