0 0.10859375 0.21953125 0.053125 0.0890625
0 0.50390625 0.14296875 0.04140625 0.09375
0 0.75625 0.715625 0.07109375 0.11953125
0 0.5796875 0.8875 0.090625 0.109375
0 0.4125 0.82109375 0.04296875 0.09140625
0 0.01953125 0.71796875 0.03828125 0.109375
0 0.5015625 0.421875 0.04453125 0.0953125
0 0.87578125 0.58359375 0.0359375 0.09375
0 0.8796875 0.72421875 0.04296875 0.0765625
0 0.309375 0.7703125 0.02890625 0.05078125
0 0.33046875 0.93046875 0.04453125 0.07109375
0 0.3625 0.5265625 0.04453125 0.08984375
0 0.40078125 0.31796875 0.03359375 0.06484375
0 0.1640625 0.48515625 0.04140625 0.05859375
0 0.57421875 0.2765625 0.03515625 0.06484375
0 0.34609375 0.7890625 0.03046875 0.07109375
0 0.0375 0.10234375 0.03828125 0.1046875