0 0.24375 0.4375 0.065625 0.059375
0 0.190625 0.359375 0.05 0.040625
0 0.409375 0.3265625 0.065625 0.0453125
0 0.39296875 0.22890625 0.06875 0.05
0 0.49921875 0.29765625 0.06875 0.0875
0 0.51015625 0.44453125 0.08125 0.046875
0 0.80234375 0.19765625 0.05625 0.0421875
0 0.68125 0.3109375 0.0625 0.08125
0 0.615625 0.384375 0.1125 0.08125
0 0.6640625 0.43671875 0.053125 0.040625
0 0.28046875 0.54765625 0.075 0.046875
0 0.31484375 0.41171875 0.075 0.053125
0 0.52578125 0.3953125 0.0484375 0.034375
0 0.29296875 0.609375 0.08125 0.059375
0 0.46796875 0.5171875 0.11875 0.075
0 0.596875 0.55390625 0.103125 0.0921875
0 0.43046875 0.68359375 0.078125 0.075
0 0.78046875 0.3015625 0.09375 0.0515625
0 0.665625 0.484375 0.13125 0.046875
0 0.475 0.63046875 0.0546875 0.034375
0 0.33515625 0.6921875 0.06875 0.0421875