0 0.24296875 0.7765625 0.075 0.1
0 0.11015625 0.7078125 0.0875 0.103125
0 0.1375 0.43359375 0.0546875 0.08125
0 0.24453125 0.509375 0.053125 0.071875
0 0.3453125 0.6078125 0.06875 0.09375
0 0.3484375 0.46640625 0.0859375 0.11875
0 0.40234375 0.27265625 0.1109375 0.1015625
0 0.46171875 0.559375 0.0640625 0.0734375
0 0.46640625 0.69375 0.0515625 0.071875
0 0.5140625 0.65703125 0.05 0.08125
0 0.52265625 0.8109375 0.059375 0.065625
0 0.8125 0.9 0.06875 0.1125
0 0.64375 0.2765625 0.1015625 0.0609375
0 0.63828125 0.18984375 0.06875 0.059375
0 0.4890625 0.44609375 0.075 0.075
0 0.51640625 0.3578125 0.059375 0.10625
0 0.46328125 0.77109375 0.0640625 0.065625
0 0.2578125 0.94921875 0.0875 0.1
0 0.015625 0.0890625 0.03125 0.065625
0 0.24609375 0.628125 0.084375 0.084375
0 0.31484375 0.72265625 0.059375 0.1375
0 0.6375 0.421875 0.059375 0.078125
0 0.5703125 0.4171875 0.0859375 0.075
0 0.70234375 0.6140625 0.059375 0.071875
0 0.63125 0.746875 0.0640625 0.0875
0 0.490625 0.88125 0.04375 0.0671875
0 0.590625 0.86484375 0.05 0.0640625
0 0.6875 0.690625 0.0484375 0.065625
0 0.50703125 0.2359375 0.09375 0.071875
0 0.79296875 0.50625 0.078125 0.0921875
0 0.69921875 0.125 0.0875 0.0765625
0 0.6 0.1140625 0.0703125 0.065625
0 0.4328125 0.36875 0.05625 0.0671875
0 0.18515625 0.66328125 0.04375 0.059375
0 0.75 0.69296875 0.046875 0.0875
0 0.7796875 0.2859375 0.0625 0.0828125
0 0.5578125 0.696875 0.0421875 0.06875
0 0.5234375 0.553125 0.05625 0.125