0 0.66171875 0.2453125 0.0578125 0.034375
0 0.76640625 0.84765625 0.0671875 0.040625
0 0.85546875 0.8015625 0.071875 0.03125
0 0.8171875 0.63828125 0.053125 0.0375
0 0.92421875 0.4109375 0.053125 0.053125
0 0.84375 0.31953125 0.05 0.046875
0 0.81484375 0.36953125 0.0859375 0.04375
0 0.74609375 0.22265625 0.053125 0.0328125
0 0.72265625 0.16875 0.0578125 0.0375
0 0.134375 0.31875 0.0703125 0.0375
0 0.2328125 0.284375 0.06875 0.053125
0 0.040625 0.66953125 0.071875 0.040625
0 0.03984375 0.61953125 0.0796875 0.0546875
0 0.06640625 0.5734375 0.065625 0.0375
0 0.03828125 0.40078125 0.0765625 0.0484375
0 0.1203125 0.3546875 0.090625 0.034375
0 0.24765625 0.8359375 0.121875 0.04375
0 0.18046875 0.8953125 0.04375 0.028125
0 0.0671875 0.83984375 0.0453125 0.028125
0 0.14296875 0.81015625 0.0609375 0.0375
0 0.08359375 0.73125 0.04375 0.028125
0 0.35859375 0.2515625 0.059375 0.0375