0 0.2125 0.23828125 0.0390625 0.0546875
0 0.3109375 0.27421875 0.034375 0.059375
0 0.53046875 0.17890625 0.040625 0.05625
0 0.8234375 0.284375 0.040625 0.05625
0 0.9390625 0.2640625 0.040625 0.06875
0 0.66328125 0.6578125 0.040625 0.05
0 0.3671875 0.75703125 0.05625 0.075
0 0.35234375 0.86796875 0.0390625 0.078125
0 0.215625 0.8109375 0.028125 0.0546875
0 0.13828125 0.72265625 0.0375 0.0625
0 0.09765625 0.60546875 0.071875 0.065625
0 0.26640625 0.63984375 0.034375 0.059375
0 0.17578125 0.50234375 0.090625 0.0859375
0 0.3640625 0.44140625 0.053125 0.05
0 0.36171875 0.5375 0.025 0.0375
0 0.496875 0.56796875 0.0265625 0.034375
0 0.5609375 0.74609375 0.025 0.0421875
0 0.68984375 0.73515625 0.021875 0.034375
0 0.57109375 0.809375 0.021875 0.0359375
0 0.71640625 0.29921875 0.0265625 0.040625
0 0.5515625 0.10546875 0.03125 0.0453125
0 0.23515625 0.28515625 0.046875 0.0390625
0 0.56875 0.56484375 0.025 0.034375
0 0.221875 0.98125 0.0328125 0.0375
0 0.6828125 0.56640625 0.0296875 0.0421875