0 0.05703125 0.5859375 0.075 0.046875
0 0.2828125 0.7953125 0.0625 0.0421875
0 0.2890625 0.87578125 0.0625 0.0515625
0 0.503125 0.91953125 0.059375 0.040625
0 0.9546875 0.8140625 0.059375 0.071875
0 0.87890625 0.83359375 0.05 0.0375
0 0.9109375 0.67578125 0.1 0.0609375
0 0.915625 0.5328125 0.0796875 0.0625
0 0.96171875 0.275 0.06875 0.065625
0 0.8796875 0.2234375 0.078125 0.04375
0 0.6734375 0.50234375 0.071875 0.053125
0 0.1875 0.5359375 0.0578125 0.0375
0 0.278125 0.746875 0.084375 0.0328125
0 0.2515625 0.6796875 0.059375 0.0375
0 0.3578125 0.69296875 0.05 0.034375
0 0.41640625 0.85078125 0.0984375 0.103125
0 0.7171875 0.828125 0.0546875 0.040625
0 0.77734375 0.790625 0.05 0.0359375
0 0.7640625 0.44296875 0.053125 0.0390625
0 0.7515625 0.51953125 0.059375 0.0359375
0 0.184375 0.3484375 0.053125 0.034375
0 0.0375 0.74921875 0.059375 0.040625
0 0.56171875 0.828125 0.0578125 0.05
0 0.39140625 0.51328125 0.046875 0.040625
0 0.421875 0.6390625 0.059375 0.040625
0 0.67734375 0.35078125 0.0484375 0.040625
0 0.675 0.7375 0.059375 0.034375
0 0.58203125 0.7546875 0.096875 0.040625
0 0.425 0.55390625 0.06875 0.034375
0 0.34609375 0.946875 0.059375 0.04375
0 0.24140625 0.91796875 0.0546875 0.0375