0 0.5765625 0.72109375 0.10625 0.059375
0 0.25234375 0.5609375 0.0953125 0.059375
0 0.9265625 0.2171875 0.103125 0.065625
0 0.81796875 0.49921875 0.0890625 0.05
0 0.73359375 0.4359375 0.0875 0.05
0 0.55859375 0.43515625 0.103125 0.0453125
0 0.30546875 0.47421875 0.0984375 0.046875
0 0.5203125 0.5515625 0.096875 0.046875
0 0.6703125 0.546875 0.128125 0.065625
0 0.41796875 0.40546875 0.0703125 0.05625
0 0.40625 0.5125 0.115625 0.0828125
0 0.946875 0.61328125 0.06875 0.05
0 0.971875 0.465625 0.05625 0.04375
0 0.60859375 0.36953125 0.059375 0.0359375