0 0.72734375 0.65703125 0.040625 0.034375
0 0.78671875 0.67109375 0.04375 0.0671875
0 0.7046875 0.340625 0.05 0.0421875
0 0.471875 0.56015625 0.0484375 0.034375
0 0.70859375 0.17421875 0.115625 0.084375
0 0.64921875 0.4328125 0.0625 0.053125
0 0.87421875 0.571875 0.0671875 0.06875
0 0.89375 0.38203125 0.1 0.071875
0 0.75234375 0.55859375 0.11875 0.090625
0 0.7453125 0.4703125 0.0609375 0.0375
0 0.46640625 0.69609375 0.04375 0.04375
0 0.47890625 0.65078125 0.04375 0.03125
0 0.61640625 0.7296875 0.0671875 0.0546875
0 0.78515625 0.39453125 0.09375 0.0796875
0 0.5609375 0.38984375 0.071875 0.075
0 0.58203125 0.2796875 0.0421875 0.0375
0 0.5671875 0.68515625 0.04375 0.034375