0 0.7765625 0.25234375 0.0875 0.08125
0 0.4296875 0.33984375 0.0734375 0.075
0 0.378125 0.3921875 0.059375 0.05
0 0.33671875 0.34453125 0.0875 0.071875
0 0.384375 0.71953125 0.0625 0.053125
0 0.38984375 0.52265625 0.096875 0.065625
0 0.30390625 0.590625 0.05625 0.05625
0 0.2109375 0.63203125 0.090625 0.06875
0 0.1921875 0.2453125 0.075 0.0609375
0 0.2125 0.1453125 0.0625 0.040625
0 0.5015625 0.1140625 0.153125 0.08125
0 0.490625 0.271875 0.09375 0.065625
0 0.51484375 0.37890625 0.0875 0.05
0 0.73828125 0.4203125 0.15 0.090625
0 0.66953125 0.23984375 0.075 0.05
0 0.19453125 0.41328125 0.10625 0.05625
0 0.31640625 0.46015625 0.065625 0.0375
0 0.16328125 0.50546875 0.109375 0.0578125
0 0.0640625 0.525 0.065625 0.06875
0 0.30859375 0.21640625 0.0640625 0.0390625
0 0.05703125 0.72265625 0.059375 0.040625