0 0.2796875 0.25390625 0.0265625 0.0375
0 0.48828125 0.16171875 0.02265625 0.0390625
0 0.625 0.20625 0.034375 0.065625
0 0.58828125 0.2046875 0.03984375 0.034375
0 0.53359375 0.409375 0.0296875 0.0515625
0 0.3046875 0.57578125 0.02890625 0.04375
0 0.390625 0.57265625 0.02890625 0.03984375
0 0.3125 0.3 0.02734375 0.04296875
0 0.353125 0.25234375 0.02734375 0.03828125
0 0.5796875 0.79140625 0.02421875 0.03984375
0 0.690625 0.75859375 0.0296875 0.0390625
0 0.759375 0.659375 0.0375 0.04140625
0 0.7125 0.68671875 0.03515625 0.05234375
0 0.30390625 0.63359375 0.028125 0.03828125
0 0.3984375 0.640625 0.03515625 0.05234375
0 0.28515625 0.18125 0.02890625 0.03828125