0 0.459375 0.4609375 0.109375 0.078125
0 0.62734375 0.1734375 0.2109375 0.1765625
0 0.6078125 0.05 0.165625 0.1
0 0.8546875 0.48359375 0.175 0.146875
0 0.7078125 0.415625 0.128125 0.14375
0 0.27421875 0.7515625 0.1421875 0.0875
0 0.353125 0.40859375 0.115625 0.109375
0 0.1125 0.30546875 0.225 0.1546875
0 0.0703125 0.62734375 0.140625 0.1640625
0 0.225 0.65 0.153125 0.153125
0 0.6046875 0.93203125 0.15 0.1359375
0 0.8515625 0.91484375 0.1625 0.1171875
0 0.0546875 0.9015625 0.109375 0.09375
0 0.8890625 0.1015625 0.15625 0.128125
0 0.0765625 0.1265625 0.153125 0.1125
0 0.58515625 0.34765625 0.1515625 0.1296875