0 0.325 0.24921875 0.0421875 0.0671875
0 0.2328125 0.3734375 0.03828125 0.071875
0 0.275 0.38203125 0.0390625 0.0625
0 0.2953125 0.54375 0.12109375 0.08359375
0 0.303125 0.75078125 0.03125 0.04765625
0 0.4234375 0.30234375 0.0546875 0.08984375
0 0.46171875 0.3890625 0.0578125 0.06015625
0 0.44375 0.4921875 0.0296875 0.05234375
0 0.56875 0.19765625 0.0640625 0.08359375
0 0.73515625 0.7203125 0.04140625 0.06015625
0 0.46796875 0.678125 0.0375 0.05703125
0 0.35234375 0.6203125 0.03671875 0.05625
0 0.33984375 0.3875 0.07421875 0.08359375
0 0.36875 0.2875 0.03828125 0.0984375