0 0.275 0.7640625 0.05625 0.0359375
0 0.10234375 0.67578125 0.0484375 0.0328125
0 0.09296875 0.73203125 0.05 0.034375
0 0.3046875 0.7125 0.0765625 0.025
0 0.38671875 0.65078125 0.0484375 0.03125
0 0.625 0.5875 0.05625 0.028125
0 0.68515625 0.6875 0.075 0.0328125
0 0.81796875 0.3796875 0.05625 0.0375
0 0.925 0.4640625 0.075 0.03125
0 0.94375 0.6734375 0.103125 0.034375
0 0.90703125 0.70703125 0.05625 0.04375
0 0.78671875 0.84453125 0.0515625 0.034375
0 0.740625 0.6625 0.05625 0.03125
0 0.4390625 0.796875 0.05625 0.034375
0 0.29765625 0.78984375 0.046875 0.0328125
0 0.115625 0.62265625 0.065625 0.0453125
0 0.20703125 0.52265625 0.0609375 0.040625
0 0.71640625 0.090625 0.06875 0.0359375
0 0.79296875 0.2390625 0.05625 0.034375
0 0.753125 0.49375 0.1 0.059375
0 0.6078125 0.36484375 0.084375 0.0453125
0 0.7421875 0.3890625 0.0796875 0.046875
0 0.9109375 0.40703125 0.08125 0.04375
0 0.85703125 0.19453125 0.059375 0.0328125
0 0.62421875 0.19140625 0.0640625 0.034375
0 0.47109375 0.15 0.1203125 0.05625
0 0.371875 0.5265625 0.0625 0.028125
0 0.40859375 0.571875 0.06875 0.040625
0 0.19140625 0.7203125 0.103125 0.04375
0 0.28046875 0.6390625 0.075 0.046875
0 0.29921875 0.58125 0.059375 0.046875
0 0.5953125 0.46953125 0.0765625 0.0375
0 0.64140625 0.553125 0.059375 0.040625
0 0.8453125 0.25859375 0.06875 0.034375
0 0.97109375 0.2734375 0.0578125 0.1125
0 0.940625 0.3796875 0.0671875 0.0328125
0 0.97890625 0.09609375 0.040625 0.0375
0 0.2921875 0.25859375 0.065625 0.05
0 0.41640625 0.50078125 0.05 0.0390625
0 0.73671875 0.5734375 0.09375 0.04375
0 0.8484375 0.6609375 0.0625 0.0296875
0 0.8375 0.69375 0.053125 0.0296875
0 0.68984375 0.24609375 0.05 0.0484375
0 0.60859375 0.42578125 0.05625 0.0328125
0 0.03671875 0.23359375 0.046875 0.034375
0 0.24609375 0.09375 0.05 0.0328125
0 0.39375 0.18515625 0.0625 0.028125
0 0.915625 0.3390625 0.0625 0.0328125
0 0.396875 0.690625 0.0625 0.0296875
0 0.66171875 0.5109375 0.06875 0.0359375
0 0.675 0.46015625 0.05625 0.0390625
0 0.72734375 0.75703125 0.0578125 0.034375
0 0.78046875 0.11328125 0.0484375 0.059375
0 0.53125 0.496875 0.046875 0.06875
0 0.27890625 0.384375 0.05 0.034375
0 0.20546875 0.77265625 0.059375 0.034375
0 0.115625 0.75859375 0.053125 0.028125
0 0.7984375 0.32734375 0.0546875 0.046875
0 0.884375 0.11015625 0.059375 0.0328125
0 0.64296875 0.27734375 0.05 0.03125
0 0.68125 0.35625 0.05625 0.040625
0 0.87890625 0.61875 0.11875 0.0359375