0 0.571875 0.5390625 0.084375 0.053125
0 0.08203125 0.46875 0.06875 0.0546875
0 0.2109375 0.4109375 0.075 0.046875
0 0.3671875 0.21171875 0.071875 0.046875
0 0.7015625 0.7421875 0.078125 0.0765625
0 0.265625 0.6875 0.075 0.053125
0 0.325 0.45078125 0.0765625 0.0671875
0 0.4015625 0.3796875 0.0765625 0.05
0 0.421875 0.31953125 0.1 0.05625
0 0.5703125 0.28046875 0.09375 0.0578125
0 0.834375 0.30234375 0.0984375 0.096875
0 0.9390625 0.2671875 0.084375 0.096875
0 0.1625 0.4890625 0.0671875 0.0625
0 0.22421875 0.48359375 0.059375 0.06875
0 0.309375 0.83984375 0.071875 0.04375
0 0.6375 0.821875 0.059375 0.040625
0 0.70703125 0.828125 0.05625 0.040625
0 0.684375 0.925 0.084375 0.0375
0 0.890625 0.4546875 0.0890625 0.06875
0 0.7125 0.60703125 0.0640625 0.04375
0 0.97265625 0.896875 0.05 0.040625
0 0.93125 0.98671875 0.05 0.0265625
0 0.778125 0.7359375 0.065625 0.075
0 0.96328125 0.35859375 0.0609375 0.0390625