0 0.20234375 0.0875 0.07734375 0.06875
0 0.32890625 0.0203125 0.07734375 0.03984375
0 0.57578125 0.4203125 0.128125 0.1453125
0 0.38984375 0.5140625 0.0625 0.071875
0 0.56015625 0.65078125 0.04921875 0.06640625
0 0.61640625 0.68359375 0.04765625 0.10625
0 0.83046875 0.315625 0.08125 0.115625
0 0.6734375 0.2421875 0.07890625 0.10703125
0 0.46796875 0.22734375 0.1 0.1453125
0 0.66328125 0.375 0.05390625 0.11015625
0 0.9015625 0.45546875 0.05390625 0.075
0 0.79296875 0.69765625 0.0875 0.06015625
0 0.78203125 0.59765625 0.06171875 0.08515625
0 0.83125 0.8078125 0.05 0.0875
0 0.56640625 0.94140625 0.078125 0.07421875
0 0.403125 0.63984375 0.053125 0.0828125
0 0.603125 0.13359375 0.06640625 0.09921875
0 0.796875 0.134375 0.05625 0.1015625
0 0.72578125 0.36484375 0.05390625 0.07109375
0 0.8015625 0.45 0.08671875 0.12421875