0 0.1265625 0.29375 0.059375 0.084375
0 0.04140625 0.3515625 0.04375 0.065625
0 0.09609375 0.54609375 0.05625 0.1125
0 0.2109375 0.721875 0.059375 0.134375
0 0.37890625 0.7828125 0.046875 0.05625
0 0.4453125 0.5859375 0.053125 0.06875
0 0.82421875 0.325 0.0609375 0.06875
0 0.75703125 0.465625 0.05 0.0625
0 0.775 0.640625 0.0421875 0.075
0 0.815625 0.75390625 0.046875 0.071875
0 0.54453125 0.6140625 0.1125 0.146875
0 0.60078125 0.69765625 0.053125 0.08125
0 0.84453125 0.534375 0.025 0.046875
0 0.884375 0.52890625 0.03125 0.040625