0 0.13125 0.4421875 0.046875 0.075
0 0.640625 0.36171875 0.03125 0.05625
0 0.51796875 0.5953125 0.0515625 0.075
0 0.43046875 0.8046875 0.0625 0.1
0 0.675 0.75546875 0.0671875 0.103125
0 0.97421875 0.7 0.0515625 0.084375
0 0.87109375 0.7203125 0.046875 0.1125
0 0.73828125 0.74296875 0.0609375 0.1
0 0.75 0.8625 0.05625 0.084375
0 0.3671875 0.09921875 0.059375 0.0828125
0 0.55390625 0.453125 0.03125 0.0515625
0 0.0734375 0.865625 0.0328125 0.046875
0 0.1171875 0.80234375 0.03125 0.053125
0 0.4125 0.59140625 0.0578125 0.090625
0 0.2484375 0.71484375 0.034375 0.0609375
0 0.42578125 0.70703125 0.03125 0.0609375
0 0.10234375 0.35234375 0.0375 0.0640625
0 0.83203125 0.78125 0.0375 0.05625