0 0.22734375 0.19296875 0.059375 0.0875
0 0.3375 0.1890625 0.1015625 0.1640625
0 0.4375 0.171875 0.059375 0.0796875
0 0.459375 0.27265625 0.078125 0.075
0 0.52578125 0.37890625 0.08125 0.1203125
0 0.33828125 0.4203125 0.078125 0.134375
0 0.24921875 0.4609375 0.06875 0.0890625
0 0.134375 0.52265625 0.125 0.0953125
0 0.43515625 0.40546875 0.059375 0.078125
0 0.39765625 0.31953125 0.071875 0.078125
0 0.70625 0.5125 0.0828125 0.109375
0 0.89453125 0.625 0.071875 0.11875
0 0.8875 0.2828125 0.13125 0.1046875
0 0.72421875 0.28515625 0.071875 0.125
0 0.60390625 0.253125 0.0734375 0.09375
0 0.14609375 0.2890625 0.1546875 0.159375
0 0.028125 0.39140625 0.05625 0.1546875
0 0.02578125 0.6796875 0.0515625 0.109375
0 0.41484375 0.871875 0.084375 0.103125
0 0.47109375 0.6203125 0.05625 0.0671875
0 0.525 0.72109375 0.0546875 0.09375
0 0.67109375 0.615625 0.053125 0.075
0 0.43203125 0.48125 0.0625 0.059375
0 0.5 0.18125 0.046875 0.0625
0 0.38984375 0.53359375 0.08125 0.059375
0 0.92890625 0.471875 0.0703125 0.140625
0 0.82421875 0.37109375 0.08125 0.096875
0 0.2921875 0.54375 0.04375 0.06875