0 0.67265625 0.50078125 0.065625 0.053125
0 0.75546875 0.38359375 0.08125 0.0625
0 0.79609375 0.47109375 0.08125 0.0546875
0 0.87890625 0.41875 0.0609375 0.059375
0 0.671875 0.20546875 0.109375 0.0703125
0 0.690625 0.11328125 0.075 0.0625
0 0.784375 0.11484375 0.096875 0.05625
0 0.8140625 0.19765625 0.134375 0.0703125
0 0.13125 0.86484375 0.0796875 0.053125
0 0.08359375 0.7078125 0.06875 0.0515625
0 0.0265625 0.8796875 0.053125 0.071875
0 0.13203125 0.77265625 0.05625 0.071875
0 0.21796875 0.83671875 0.065625 0.0484375
0 0.55390625 0.61328125 0.1375 0.0859375
0 0.66015625 0.41875 0.06875 0.065625
0 0.19296875 0.05546875 0.0625 0.040625