0 0.3015625 0.58125 0.08125 0.1171875
0 0.65390625 0.25859375 0.07890625 0.0890625
0 0.66953125 0.7625 0.08046875 0.10625
0 0.56171875 0.80703125 0.0984375 0.09140625
0 0.6 0.59921875 0.06953125 0.078125
0 0.4359375 0.87421875 0.06953125 0.08125
0 0.13671875 0.59453125 0.059375 0.0859375
0 0.51640625 0.05390625 0.07109375 0.06640625
0 0.78359375 0.753125 0.05078125 0.075
0 0.3421875 0.85 0.06015625 0.06953125
0 0.91953125 0.878125 0.0484375 0.0671875
0 0.73046875 0.54453125 0.06953125 0.065625
0 0.3328125 0.28515625 0.04609375 0.0625