0 0.90625 0.26015625 0.109375 0.06875
0 0.8234375 0.1953125 0.1109375 0.05625
0 0.69609375 0.15 0.115625 0.071875
0 0.55234375 0.2109375 0.10625 0.065625
0 0.8203125 0.5671875 0.078125 0.053125
0 0.896875 0.65234375 0.08125 0.05625
0 0.46640625 0.7921875 0.178125 0.1078125
0 0.15703125 0.403125 0.1625 0.090625
0 0.4453125 0.0625 0.11875 0.071875
0 0.11328125 0.215625 0.140625 0.1
0 0.73359375 0.72421875 0.1375 0.075
0 0.7765625 0.94609375 0.346875 0.1078125
0 0.94609375 0.84453125 0.1078125 0.0859375