0 0.1609375 0.0234375 0.04140625 0.046875
0 0.21484375 0.08203125 0.05078125 0.07890625
0 0.01796875 0.34375 0.0359375 0.078125
0 0.33515625 0.28671875 0.05 0.09375
0 0.29609375 0.29375 0.0375 0.0671875
0 0.29921875 0.7328125 0.0484375 0.08515625
0 0.10703125 0.74140625 0.04140625 0.07109375
0 0.50078125 0.58984375 0.0578125 0.1
0 0.60859375 0.7484375 0.0578125 0.0859375
0 0.5859375 0.6984375 0.053125 0.09140625
0 0.45546875 0.77109375 0.06640625 0.07109375
0 0.5921875 0.90390625 0.04296875 0.09921875
0 0.6953125 0.6859375 0.04609375 0.08828125
0 0.70625 0.28125 0.04296875 0.06640625
0 0.625 0.33515625 0.0359375 0.08203125
0 0.58046875 0.35625 0.03828125 0.0765625
0 0.5546875 0.3890625 0.04140625 0.05703125