0 0.32734375 0.94609375 0.04375 0.06875
0 0.4078125 0.878125 0.03125 0.0453125
0 0.4265625 0.72890625 0.03125 0.065625
0 0.51171875 0.39140625 0.05625 0.0671875
0 0.58203125 0.28515625 0.0375 0.05625
0 0.53984375 0.1265625 0.040625 0.0484375
0 0.72421875 0.05859375 0.03125 0.046875
0 0.7796875 0.078125 0.0328125 0.04375
0 0.6734375 0.40859375 0.034375 0.0578125
0 0.4328125 0.390625 0.034375 0.046875
0 0.47578125 0.58671875 0.046875 0.040625
0 0.571875 0.66015625 0.028125 0.0609375
0 0.578125 0.40703125 0.034375 0.0625