0 0.625 0.40625 0.07890625 0.1203125
0 0.7828125 0.13203125 0.05390625 0.08046875
0 0.175 0.265625 0.1 0.1125
0 0.46328125 0.08671875 0.0671875 0.0890625
0 0.51875 0.51015625 0.08515625 0.109375
0 0.44296875 0.55625 0.06796875 0.0796875
0 0.53515625 0.68046875 0.14921875 0.1484375
0 0.359375 0.8671875 0.08046875 0.125
0 0.34140625 0.4796875 0.05859375 0.07421875
0 0.41796875 0.4765625 0.046875 0.05625
0 0.51015625 0.35859375 0.05625 0.12578125
0 0.31796875 0.6640625 0.11328125 0.134375
0 0.27421875 0.4984375 0.06796875 0.10859375
0 0.23359375 0.5953125 0.046875 0.08671875