0 0.24375 0.48359375 0.125 0.0875
0 0.45546875 0.60546875 0.0734375 0.040625
0 0.41171875 0.55390625 0.1 0.04375
0 0.38359375 0.5015625 0.1375 0.053125
0 0.4765625 0.45546875 0.071875 0.0546875
0 0.3125 0.0734375 0.109375 0.0671875
0 0.8203125 0.5734375 0.06875 0.046875
0 0.68828125 0.628125 0.109375 0.065625
0 0.45078125 0.70234375 0.08125 0.0390625
0 0.409375 0.6625 0.065625 0.0421875
0 0.653125 0.48203125 0.0625 0.0625
0 0.53125 0.5140625 0.053125 0.04375
0 0.3765625 0.153125 0.059375 0.053125
0 0.30625 0.2828125 0.1 0.0390625
0 0.26875 0.3546875 0.0625 0.040625
0 0.5984375 0.078125 0.05625 0.0421875
0 0.8015625 0.1765625 0.0703125 0.040625
0 0.890625 0.259375 0.0671875 0.0375
0 0.55234375 0.40390625 0.06875 0.0359375
0 0.159375 0.44296875 0.065625 0.0484375
0 0.78046875 0.8609375 0.05 0.0328125
0 0.4796875 0.3625 0.0625 0.0375
0 0.48203125 0.1640625 0.0625 0.0390625