0 0.84296875 0.30390625 0.0828125 0.04375
0 0.61328125 0.4171875 0.05 0.0515625
0 0.5609375 0.4015625 0.075 0.053125
0 0.45703125 0.39609375 0.071875 0.046875
0 0.47421875 0.63359375 0.1015625 0.0484375
0 0.9359375 0.3734375 0.128125 0.075
0 0.91015625 0.45546875 0.084375 0.0421875
0 0.97109375 0.63515625 0.05625 0.040625
0 0.72890625 0.80625 0.09375 0.0390625
0 0.27734375 0.5453125 0.084375 0.046875
0 0.515625 0.5125 0.096875 0.071875
0 0.68203125 0.47109375 0.190625 0.065625
0 0.7890625 0.4140625 0.065625 0.040625
0 0.76015625 0.37265625 0.0703125 0.04375
0 0.64296875 0.28046875 0.09375 0.053125
0 0.69609375 0.53515625 0.059375 0.034375
0 0.31484375 0.4421875 0.146875 0.04375
0 0.54609375 0.74921875 0.05625 0.04375