0 0.2921875 0.46484375 0.0953125 0.15625
0 0.665625 0.58984375 0.14765625 0.12109375
0 0.4671875 0.25390625 0.06171875 0.09140625
0 0.9 0.08671875 0.0796875 0.1015625
0 0.34609375 0.06484375 0.09921875 0.1296875
0 0.4828125 0.046875 0.08125 0.09375
0 0.29609375 0.303125 0.07265625 0.11015625
0 0.41484375 0.3296875 0.05859375 0.07578125
0 0.35078125 0.56328125 0.06015625 0.125
0 0.43515625 0.74921875 0.071875 0.13828125
0 0.36640625 0.82421875 0.0859375 0.0984375
0 0.30703125 0.70078125 0.09453125 0.13671875
0 0.4421875 0.4984375 0.13359375 0.09453125