0 0.9078125 0.36875 0.0875 0.075
0 0.7609375 0.2265625 0.06875 0.0765625
0 0.33125 0.68046875 0.1125 0.084375
0 0.17734375 0.71953125 0.065625 0.046875
0 0.03203125 0.9796875 0.0640625 0.040625
0 0.79375 0.5546875 0.04375 0.0625
0 0.1125 0.078125 0.0703125 0.0484375
0 0.646875 0.33125 0.134375 0.05
0 0.20390625 0.48984375 0.059375 0.046875
0 0.62578125 0.76796875 0.05625 0.0359375
0 0.4734375 0.4859375 0.065625 0.0453125
0 0.7484375 0.40078125 0.065625 0.05
0 0.8828125 0.534375 0.08125 0.0828125
0 0.27578125 0.16796875 0.09375 0.0703125