0 0.78046875 0.90078125 0.0546875 0.0390625
0 0.6828125 0.61875 0.040625 0.0390625
0 0.20703125 0.503125 0.096875 0.0484375
0 0.32578125 0.4375 0.046875 0.0375
0 0.225 0.40078125 0.053125 0.04375
0 0.16640625 0.34140625 0.05625 0.034375
0 0.5046875 0.28359375 0.05625 0.034375
0 0.565625 0.26953125 0.059375 0.0703125
0 0.6171875 0.34453125 0.065625 0.0875
0 0.29609375 0.38359375 0.0875 0.065625
0 0.2296875 0.31640625 0.071875 0.0546875
0 0.3171875 0.26875 0.0625 0.040625
0 0.4171875 0.309375 0.1 0.0625
0 0.56484375 0.40546875 0.078125 0.0859375