0 0.75625 0.5625 0.065625 0.059375
0 0.809375 0.640625 0.05 0.040625
0 0.590625 0.6734375 0.065625 0.0453125
0 0.60703125 0.77109375 0.06875 0.05
0 0.50078125 0.70234375 0.06875 0.0875
0 0.48984375 0.55546875 0.08125 0.046875
0 0.19765625 0.80234375 0.05625 0.0421875
0 0.31875 0.6890625 0.0625 0.08125
0 0.384375 0.615625 0.1125 0.08125
0 0.3359375 0.56328125 0.053125 0.040625
0 0.71953125 0.45234375 0.075 0.046875
0 0.68515625 0.58828125 0.075 0.053125
0 0.47421875 0.6046875 0.0484375 0.034375
0 0.70703125 0.390625 0.08125 0.059375
0 0.53203125 0.4828125 0.11875 0.075
0 0.403125 0.44609375 0.103125 0.0921875
0 0.56953125 0.31640625 0.078125 0.075
0 0.21953125 0.6984375 0.09375 0.0515625
0 0.334375 0.515625 0.13125 0.046875
0 0.525 0.36953125 0.0546875 0.034375
0 0.66484375 0.3078125 0.06875 0.0421875