0 0.34921875 0.53046875 0.040625 0.084375
0 0.3515625 0.7796875 0.0546875 0.1265625
0 0.671875 0.72890625 0.065625 0.165625
0 0.63671875 0.45859375 0.040625 0.0890625
0 0.5390625 0.41328125 0.059375 0.125
0 0.359375 0.3265625 0.05 0.103125
0 0.44765625 0.64296875 0.040625 0.090625
0 0.48359375 0.678125 0.0453125 0.0984375
0 0.5296875 0.61796875 0.0421875 0.08125
0 0.5796875 0.575 0.05625 0.146875
0 0.58046875 0.828125 0.05 0.121875
0 0.46015625 0.50859375 0.046875 0.071875
0 0.42109375 0.57578125 0.046875 0.075
0 0.31015625 0.43125 0.0453125 0.078125