0 0.34296875 0.72734375 0.03515625 0.03984375
0 0.32890625 0.78671875 0.0671875 0.04453125
0 0.659375 0.7046875 0.0421875 0.05078125
0 0.43984375 0.471875 0.034375 0.0484375
0 0.82578125 0.70859375 0.084375 0.115625
0 0.5671875 0.64921875 0.05390625 0.0625
0 0.428125 0.87421875 0.06796875 0.0671875
0 0.61796875 0.89375 0.07265625 0.09921875
0 0.44140625 0.75234375 0.090625 0.11953125
0 0.5296875 0.7453125 0.03828125 0.0609375
0 0.30390625 0.46640625 0.04296875 0.04296875
0 0.34921875 0.47890625 0.03125 0.04375
0 0.2703125 0.61640625 0.0546875 0.0671875
0 0.60546875 0.78515625 0.0796875 0.09296875
0 0.61015625 0.5609375 0.075 0.07109375
0 0.7203125 0.58203125 0.03671875 0.0421875
0 0.31484375 0.5671875 0.03515625 0.04375