0 0.80625 0.15546875 0.065625 0.0609375
0 0.78125 0.496875 0.071875 0.0515625
0 0.97109375 0.671875 0.0578125 0.046875
0 0.75 0.6328125 0.09375 0.059375
0 0.5578125 0.6421875 0.0625 0.034375
0 0.41328125 0.81640625 0.0625 0.053125
0 0.30390625 0.521875 0.0921875 0.075
0 0.36640625 0.20234375 0.05625 0.046875
0 0.40390625 0.26953125 0.065625 0.05
0 0.65390625 0.3734375 0.0703125 0.059375
0 0.59765625 0.23203125 0.09375 0.0625
0 0.54140625 0.3625 0.046875 0.0375
0 0.690625 0.47578125 0.071875 0.04375
0 0.6125 0.44453125 0.0625 0.0390625
0 0.04609375 0.7375 0.0625 0.05
0 0.278125 0.2265625 0.06875 0.046875
0 0.62734375 0.56640625 0.1 0.0265625
0 0.4625 0.43359375 0.04375 0.0359375
0 0.53984375 0.30625 0.0578125 0.0375
0 0.50703125 0.67734375 0.0671875 0.0375
0 0.55078125 0.53984375 0.0625 0.0375