0 0.2640625 0.40625 0.109375 0.0921875
0 0.11875 0.51640625 0.0453125 0.08046875
0 0.1671875 0.625 0.0703125 0.09765625
0 0.04375 0.70234375 0.0484375 0.06953125
0 0.1453125 0.721875 0.06484375 0.08828125
0 0.18203125 0.88828125 0.13203125 0.203125
0 0.3984375 0.57421875 0.078125 0.09296875
0 0.6078125 0.5515625 0.09609375 0.09296875
0 0.67890625 0.4078125 0.125 0.13359375
0 0.521875 0.06171875 0.0609375 0.0875
0 0.528125 0.72109375 0.08671875 0.16484375
0 0.575 0.82109375 0.046875 0.090625
0 0.73828125 0.909375 0.1203125 0.096875
0 0.79609375 0.80625 0.040625 0.07109375
0 0.80390625 0.61953125 0.09296875 0.1140625
0 0.459375 0.3265625 0.090625 0.0796875
0 0.2859375 0.93984375 0.05703125 0.071875
0 0.80859375 0.4234375 0.06640625 0.11328125