0 0.4609375 0.571875 0.053125 0.084375
0 0.53125 0.08203125 0.0546875 0.06875
0 0.5890625 0.2109375 0.046875 0.075
0 0.78828125 0.3671875 0.046875 0.071875
0 0.2578125 0.7015625 0.0765625 0.078125
0 0.3125 0.265625 0.053125 0.075
0 0.54921875 0.325 0.0671875 0.0765625
0 0.6203125 0.4015625 0.05 0.0765625
0 0.68046875 0.421875 0.05625 0.1
0 0.71953125 0.5703125 0.0578125 0.09375
0 0.69765625 0.834375 0.096875 0.0984375
0 0.7328125 0.9390625 0.096875 0.084375
0 0.5109375 0.1625 0.0625 0.0671875
0 0.51640625 0.22421875 0.06875 0.059375
0 0.16015625 0.309375 0.04375 0.071875
0 0.178125 0.6375 0.040625 0.059375
0 0.171875 0.70703125 0.040625 0.05625
0 0.075 0.684375 0.0375 0.084375
0 0.5453125 0.890625 0.06875 0.0890625
0 0.39296875 0.7125 0.04375 0.0640625
0 0.103125 0.97265625 0.040625 0.05
0 0.01328125 0.93125 0.0265625 0.05
0 0.2640625 0.778125 0.075 0.065625
0 0.64140625 0.96328125 0.0390625 0.0609375