0 0.57890625 0.84609375 0.03125 0.0203125
0 0.58046875 0.82578125 0.025 0.0171875
0 0.609375 0.81484375 0.0296875 0.01875
0 0.69140625 0.8265625 0.028125 0.0171875
0 0.7328125 0.77890625 0.0375 0.0234375
0 0.66796875 0.75 0.0296875 0.01875
0 0.5484375 0.76484375 0.0265625 0.021875
0 0.51796875 0.80390625 0.028125 0.0140625
0 0.3828125 0.75078125 0.04375 0.025
0 0.5953125 0.70625 0.0359375 0.0265625
0 0.7734375 0.70234375 0.04375 0.028125
0 0.559375 0.69296875 0.034375 0.021875
0 0.3765625 0.709375 0.028125 0.01875
0 0.3171875 0.75 0.025 0.015625
0 0.37109375 0.66640625 0.025 0.01875
0 0.6171875 0.5484375 0.0375 0.0265625
0 0.7296875 0.5125 0.028125 0.021875
0 0.7609375 0.6390625 0.025 0.015625
0 0.6765625 0.67734375 0.021875 0.0125
0 0.615625 0.640625 0.0203125 0.0125
0 0.578125 0.66953125 0.021875 0.0171875
0 0.7828125 0.7875 0.028125 0.0296875
0 0.8859375 0.73046875 0.028125 0.0234375
0 0.8859375 0.609375 0.028125 0.0171875
0 0.73359375 0.4625 0.0328125 0.025
0 0.596875 0.61328125 0.028125 0.01875
0 0.6015625 0.5828125 0.034375 0.025
0 0.4890625 0.5875 0.025 0.015625
0 0.340625 0.56328125 0.0375 0.028125
0 0.39921875 0.47421875 0.03125 0.021875
0 0.434375 0.42421875 0.03125 0.01875
0 0.3984375 0.4234375 0.028125 0.015625
0 0.4421875 0.384375 0.0265625 0.01875
0 0.72265625 0.54375 0.0515625 0.034375
0 0.7265625 0.59609375 0.046875 0.021875
0 0.79375 0.56640625 0.034375 0.0234375
0 0.83671875 0.60078125 0.0828125 0.0390625
0 0.809375 0.47578125 0.025 0.01875
0 0.79453125 0.4515625 0.0296875 0.0203125
0 0.77734375 0.428125 0.03125 0.0234375
0 0.82265625 0.42578125 0.0296875 0.021875
0 0.83828125 0.440625 0.025 0.01875
0 0.71953125 0.3859375 0.03125 0.0296875
0 0.72734375 0.44140625 0.0203125 0.0109375
0 0.628125 0.47265625 0.0328125 0.01875
0 0.65859375 0.4515625 0.0390625 0.015625
0 0.609375 0.43125 0.034375 0.021875
0 0.5625 0.47578125 0.04375 0.034375
0 0.68515625 0.65234375 0.0375 0.0234375
0 0.85859375 0.64140625 0.08125 0.0421875
0 0.6625 0.55 0.01875 0.0109375
0 0.65 0.54140625 0.01875 0.0125
0 0.56796875 0.4421875 0.021875 0.015625
0 0.73203125 0.3578125 0.0375 0.028125
0 0.7765625 0.309375 0.025 0.0171875
0 0.83359375 0.30703125 0.0328125 0.01875
0 0.70546875 0.20625 0.03125 0.0125
0 0.6515625 0.303125 0.01875 0.0125
0 0.31328125 0.68515625 0.04375 0.0359375
0 0.43828125 0.7703125 0.025 0.0203125
0 0.259375 0.65703125 0.03125 0.01875