0 0.42109375 0.15390625 0.03125 0.0203125
0 0.41953125 0.17421875 0.025 0.0171875
0 0.390625 0.18515625 0.0296875 0.01875
0 0.30859375 0.1734375 0.028125 0.015625
0 0.2671875 0.22109375 0.0375 0.0234375
0 0.33203125 0.25 0.0296875 0.01875
0 0.4515625 0.23515625 0.0265625 0.021875
0 0.48203125 0.19609375 0.028125 0.0140625
0 0.6171875 0.24921875 0.04375 0.025
0 0.4046875 0.29375 0.0359375 0.0265625
0 0.2265625 0.29765625 0.04375 0.028125
0 0.440625 0.30703125 0.034375 0.021875
0 0.6234375 0.290625 0.028125 0.01875
0 0.6828125 0.25 0.025 0.015625
0 0.62890625 0.33359375 0.025 0.01875
0 0.3828125 0.4515625 0.0375 0.0265625
0 0.2703125 0.4875 0.028125 0.021875
0 0.2390625 0.3609375 0.025 0.015625
0 0.3234375 0.32265625 0.021875 0.0125
0 0.384375 0.359375 0.0203125 0.0125
0 0.421875 0.33046875 0.021875 0.0171875
0 0.2171875 0.2125 0.028125 0.0296875
0 0.1140625 0.26953125 0.028125 0.0234375
0 0.1140625 0.390625 0.028125 0.0171875
0 0.26640625 0.5375 0.0328125 0.025
0 0.403125 0.38671875 0.028125 0.01875
0 0.3984375 0.4171875 0.034375 0.025
0 0.5109375 0.4125 0.025 0.015625
0 0.659375 0.43671875 0.0375 0.028125
0 0.60078125 0.52578125 0.03125 0.021875
0 0.565625 0.57578125 0.03125 0.01875
0 0.6015625 0.5765625 0.028125 0.015625
0 0.5578125 0.615625 0.0265625 0.01875
0 0.27734375 0.45625 0.0515625 0.034375
0 0.2734375 0.40390625 0.046875 0.021875
0 0.20625 0.43359375 0.034375 0.0234375
0 0.16328125 0.39921875 0.0828125 0.0390625
0 0.190625 0.52421875 0.025 0.01875
0 0.20546875 0.5484375 0.0296875 0.0203125
0 0.22265625 0.571875 0.03125 0.0234375
0 0.17734375 0.57421875 0.0296875 0.021875
0 0.16171875 0.559375 0.025 0.01875
0 0.28046875 0.6140625 0.03125 0.0296875
0 0.27265625 0.55859375 0.0203125 0.0109375
0 0.371875 0.52734375 0.0328125 0.01875
0 0.34140625 0.5484375 0.0390625 0.015625
0 0.390625 0.56875 0.034375 0.021875
0 0.4375 0.52421875 0.04375 0.034375
0 0.31484375 0.34765625 0.0375 0.0234375
0 0.14140625 0.35859375 0.08125 0.040625
0 0.3375 0.45 0.01875 0.0109375
0 0.35 0.45859375 0.01875 0.0125
0 0.43203125 0.5578125 0.021875 0.015625
0 0.26796875 0.6421875 0.0375 0.028125
0 0.2234375 0.690625 0.025 0.0171875
0 0.16640625 0.69296875 0.0328125 0.01875
0 0.29453125 0.79375 0.03125 0.0125
0 0.3484375 0.696875 0.01875 0.0125
0 0.68671875 0.31484375 0.04375 0.0359375
0 0.56171875 0.2296875 0.025 0.0203125
0 0.740625 0.34296875 0.03125 0.01875