0 0.41640625 0.8046875 0.15 0.0953125
0 0.4765625 0.928125 0.296875 0.1171875
0 0.52734375 0.434375 0.265625 0.184375
0 0.34921875 0.60078125 0.2125 0.1234375
0 0.44140625 0.7203125 0.090625 0.06875
0 0.54453125 0.78359375 0.09375 0.06875
0 0.87578125 0.4953125 0.15 0.090625
0 0.7703125 0.60078125 0.1734375 0.08125
0 0.928125 0.65546875 0.14375 0.0890625
0 0.36171875 0.2296875 0.1734375 0.0765625
0 0.171875 0.1046875 0.290625 0.15
0 0.0609375 0.246875 0.121875 0.0765625
0 0.140625 0.3328125 0.171875 0.0984375
0 0.2875 0.43203125 0.221875 0.075
0 0.13828125 0.6359375 0.1828125 0.184375
0 0.7375 0.38671875 0.125 0.0828125
0 0.4703125 0.5609375 0.134375 0.059375