0 0.303125 0.74765625 0.084375 0.0625
0 0.28984375 0.665625 0.096875 0.05625
0 0.54140625 0.5203125 0.1796875 0.10625
0 0.634375 0.77109375 0.096875 0.065625
0 0.6109375 0.69609375 0.0875 0.053125
0 0.9015625 0.6875 0.0890625 0.078125
0 0.38515625 0.4390625 0.10625 0.0671875
0 0.4875 0.3984375 0.096875 0.065625
0 0.18671875 0.29609375 0.1265625 0.08125
0 0.18515625 0.18359375 0.103125 0.0875
0 0.30078125 0.1421875 0.11875 0.0765625
0 0.671875 0.24453125 0.0984375 0.065625
0 0.46328125 0.21328125 0.1875 0.0921875
0 0.32265625 0.51796875 0.1375 0.0671875
0 0.3875 0.60703125 0.140625 0.0859375
0 0.3875 0.70703125 0.0765625 0.05
0 0.7109375 0.67265625 0.103125 0.06875
0 0.8765625 0.52890625 0.075 0.05625