0 0.290625 0.440625 0.05 0.065625
0 0.303125 0.79765625 0.05 0.0765625
0 0.2375 0.82578125 0.06875 0.075
0 0.4375 0.9734375 0.0625 0.05
0 0.72578125 0.7765625 0.053125 0.0625
0 0.79140625 0.7515625 0.065625 0.084375
0 0.60859375 0.71640625 0.0390625 0.05625
0 0.68359375 0.45234375 0.04375 0.08125
0 0.7203125 0.515625 0.040625 0.046875
0 0.59609375 0.55546875 0.034375 0.05
0 0.1890625 0.10625 0.053125 0.065625
0 0.2328125 0.36328125 0.0640625 0.08125
0 0.153125 0.53359375 0.028125 0.046875
0 0.1890625 0.59609375 0.0515625 0.06875
0 0.2484375 0.55390625 0.05 0.075
0 0.31953125 0.53515625 0.0390625 0.046875
0 0.5203125 0.65859375 0.04375 0.053125
0 0.48671875 0.721875 0.0515625 0.0640625
0 0.3625 0.809375 0.04375 0.0671875
0 0.16796875 0.8265625 0.034375 0.0484375
0 0.69765625 0.62578125 0.04375 0.0515625
0 0.74375 0.93671875 0.040625 0.05
0 0.6265625 0.63515625 0.040625 0.0640625
0 0.19453125 0.45703125 0.040625 0.0484375
0 0.0984375 0.79296875 0.0375 0.0828125
0 0.0640625 0.93046875 0.0390625 0.06875