0 0.25234375 0.2234375 0.08203125 0.08671875
0 0.33984375 0.5703125 0.07421875 0.0734375
0 0.3921875 0.621875 0.05078125 0.06015625
0 0.34453125 0.66328125 0.07265625 0.08828125
0 0.71953125 0.615625 0.05234375 0.06328125
0 0.52265625 0.61015625 0.065625 0.09765625
0 0.590625 0.69609375 0.05703125 0.05703125
0 0.63203125 0.7890625 0.06796875 0.09140625
0 0.2453125 0.8078125 0.0609375 0.07421875
0 0.1453125 0.7875 0.040625 0.06328125
0 0.1140625 0.4984375 0.08046875 0.153125
0 0.271875 0.509375 0.06484375 0.09453125
0 0.37890625 0.48515625 0.04921875 0.08828125
0 0.4203125 0.26171875 0.08984375 0.15
0 0.23984375 0.33046875 0.04921875 0.07578125
0 0.41328125 0.80546875 0.05625 0.10546875
0 0.46015625 0.68359375 0.03828125 0.06484375
0 0.50546875 0.83671875 0.0578125 0.11015625
0 0.525 0.9359375 0.06796875 0.06640625
0 0.21640625 0.69140625 0.0390625 0.0640625
0 0.72265625 0.94296875 0.040625 0.05859375