0 0.1953125 0.41640625 0.0953125 0.15
0 0.071875 0.4765625 0.1171875 0.296875
0 0.565625 0.52734375 0.184375 0.265625
0 0.39921875 0.34921875 0.1234375 0.2125
0 0.2796875 0.44140625 0.06875 0.090625
0 0.21640625 0.54453125 0.06875 0.09375
0 0.5046875 0.87578125 0.090625 0.15
0 0.39921875 0.7703125 0.08125 0.1734375
0 0.34453125 0.928125 0.0890625 0.14375
0 0.7703125 0.36171875 0.0765625 0.1734375
0 0.8953125 0.171875 0.15 0.290625
0 0.753125 0.0609375 0.0765625 0.121875
0 0.6671875 0.140625 0.0984375 0.171875
0 0.56796875 0.2875 0.075 0.221875
0 0.3640625 0.13828125 0.184375 0.1828125
0 0.61328125 0.7375 0.0828125 0.125
0 0.4390625 0.4703125 0.059375 0.134375