0 0.63046875 0.03515625 0.1125 0.0703125
0 0.95703125 0.38828125 0.05625 0.04375
0 0.8984375 0.41015625 0.05 0.040625
0 0.653125 0.76015625 0.078125 0.05625
0 0.46484375 0.57890625 0.08125 0.0984375
0 0.490625 0.6078125 0.175 0.175
0 0.5640625 0.8046875 0.059375 0.046875
0 0.2859375 0.72421875 0.08125 0.0609375
0 0.328125 0.37109375 0.075 0.06875
0 0.51953125 0.1546875 0.134375 0.115625
0 0.4671875 0.31953125 0.09375 0.0625
0 0.88671875 0.73359375 0.13125 0.140625
0 0.89140625 0.5765625 0.2171875 0.1375
0 0.18671875 0.42109375 0.16875 0.109375
0 0.39375 0.80859375 0.0953125 0.053125
0 0.28984375 0.81484375 0.0859375 0.078125
0 0.55859375 0.9046875 0.08125 0.0546875