0 0.2515625 0.24375 0.0390625 0.06640625
0 0.43515625 0.17890625 0.04296875 0.04296875
0 0.50625 0.14296875 0.040625 0.06171875
0 0.4578125 0.2734375 0.02890625 0.05625
0 0.49453125 0.2953125 0.03046875 0.0515625
0 0.396875 0.4609375 0.03984375 0.059375
0 0.64453125 0.27578125 0.0265625 0.0578125
0 0.6875 0.22421875 0.03125 0.0578125
0 0.77578125 0.0546875 0.028125 0.0515625
0 0.6078125 0.46484375 0.034375 0.0515625
0 0.6453125 0.61640625 0.0359375 0.05546875
0 0.58046875 0.61171875 0.03046875 0.04921875
0 0.67890625 0.878125 0.05859375 0.0578125
0 0.5671875 0.79921875 0.0234375 0.03671875
0 0.5375 0.87109375 0.03515625 0.053125
0 0.59140625 0.265625 0.03203125 0.05625
0 0.484375 0.671875 0.02890625 0.04296875
0 0.503125 0.77265625 0.034375 0.05
0 0.33828125 0.10234375 0.04765625 0.059375
0 0.79921875 0.4734375 0.02265625 0.04140625