0 0.621875 0.36875 0.0625 0.046875
0 0.5609375 0.2953125 0.05625 0.04375
0 0.69921875 0.5234375 0.06875 0.0453125
0 0.721875 0.61640625 0.09375 0.0625
0 0.5828125 0.47109375 0.046875 0.0359375
0 0.53515625 0.59296875 0.059375 0.028125
0 0.17109375 0.60859375 0.046875 0.03125
0 0.11328125 0.575 0.05625 0.034375
0 0.06875 0.56328125 0.0390625 0.0375
0 0.43046875 0.59296875 0.053125 0.03125
0 0.40078125 0.5609375 0.0640625 0.0375
0 0.64140625 0.64296875 0.0765625 0.0578125
0 0.953125 0.203125 0.09375 0.03125
0 0.80078125 0.26953125 0.05625 0.03125
0 0.4390625 0.128125 0.0796875 0.0375
0 0.83125 0.38125 0.05625 0.03125
0 0.828125 0.678125 0.0515625 0.03125
0 0.33828125 0.4859375 0.04375 0.0375
0 0.440625 0.3390625 0.046875 0.0296875
0 0.56953125 0.65703125 0.05625 0.040625
0 0.2328125 0.553125 0.05 0.053125