0 0.0234375 0.8390625 0.046875 0.040625
0 0.08203125 0.78515625 0.078125 0.05
0 0.34375 0.98203125 0.078125 0.0359375
0 0.28671875 0.66484375 0.09375 0.05
0 0.29375 0.70390625 0.0671875 0.0375
0 0.7328125 0.70078125 0.084375 0.0484375
0 0.74140625 0.89296875 0.071875 0.0421875
0 0.58984375 0.49921875 0.1 0.0578125
0 0.7484375 0.39140625 0.0859375 0.0578125
0 0.6984375 0.4140625 0.090625 0.053125
0 0.77109375 0.54453125 0.071875 0.065625
0 0.90390625 0.4078125 0.1 0.04375
0 0.6859375 0.3046875 0.0875 0.046875
0 0.28125 0.29375 0.065625 0.04375
0 0.33515625 0.375 0.08125 0.0359375
0 0.35625 0.41953125 0.0765625 0.0375
0 0.3890625 0.4453125 0.05625 0.040625