0 0.61796875 0.12734375 0.046875 0.025
0 0.57890625 0.946875 0.0453125 0.0296875
0 0.48515625 0.765625 0.040625 0.025
0 0.715625 0.6515625 0.04375 0.0359375
0 0.19921875 0.33984375 0.0421875 0.0265625
0 0.14296875 0.34921875 0.046875 0.028125
0 0.0921875 0.703125 0.053125 0.0375
0 0.19140625 0.46875 0.03125 0.0171875
0 0.6421875 0.36640625 0.04375 0.025
0 0.91015625 0.14140625 0.03125 0.021875
0 0.771875 0.046875 0.04375 0.025
0 0.96640625 0.396875 0.040625 0.028125
0 0.68984375 0.78359375 0.0390625 0.021875