0 0.2265625 0.69609375 0.078125 0.0625
0 0.35078125 0.65390625 0.153125 0.08125
0 0.1796875 0.496875 0.0953125 0.0625
0 0.2671875 0.25625 0.140625 0.103125
0 0.671875 0.71796875 0.090625 0.06875
0 0.8046875 0.3171875 0.071875 0.065625
0 0.52890625 0.56953125 0.121875 0.08125
0 0.39296875 0.55390625 0.0703125 0.05
0 0.55546875 0.3984375 0.121875 0.08125
0 0.38984375 0.23359375 0.084375 0.0578125
0 0.28515625 0.4171875 0.109375 0.140625
0 0.47734375 0.3125 0.134375 0.1
0 0.41796875 0.43125 0.140625 0.09375
0 0.66640625 0.440625 0.1078125 0.053125
0 0.63671875 0.27734375 0.10625 0.0765625
0 0.10078125 0.20546875 0.1203125 0.0921875
0 0.434375 0.78359375 0.084375 0.0671875