0 0.46875 0.3140625 0.059375 0.0328125
0 0.3828125 0.346875 0.075 0.03125
0 0.384375 0.509375 0.040625 0.0265625
0 0.70546875 0.77578125 0.15625 0.0375
0 0.6578125 0.196875 0.1 0.034375
0 0.815625 0.17734375 0.159375 0.059375
0 0.640625 0.2640625 0.059375 0.03125
0 0.72734375 0.22421875 0.0375 0.025
0 0.54375 0.22421875 0.1 0.03125
0 0.671875 0.48515625 0.05 0.0234375
0 0.4875 0.596875 0.046875 0.0265625
0 0.3703125 0.446875 0.0375 0.040625
0 0.32265625 0.4796875 0.046875 0.0296875
0 0.63046875 0.7234375 0.059375 0.0328125