0 0.15703125 0.8421875 0.065625 0.0375
0 0.3015625 0.83359375 0.0671875 0.046875
0 0.2609375 0.70546875 0.0703125 0.03125
0 0.20625 0.65546875 0.053125 0.040625
0 0.06015625 0.484375 0.05 0.0390625
0 0.221875 0.178125 0.059375 0.046875
0 0.340625 0.21328125 0.0546875 0.0375
0 0.1015625 0.15546875 0.0734375 0.03125
0 0.31328125 0.1640625 0.046875 0.03125
0 0.13359375 0.2734375 0.05 0.03125
0 0.35859375 0.3765625 0.065625 0.03125
0 0.45546875 0.5296875 0.0453125 0.0296875
0 0.621875 0.63203125 0.075 0.040625
0 0.62421875 0.68984375 0.053125 0.03125
0 0.91796875 0.553125 0.0765625 0.0625
0 0.89375 0.41328125 0.08125 0.0375
0 0.80625 0.3109375 0.090625 0.040625
0 0.659375 0.33203125 0.059375 0.0375
0 0.64765625 0.284375 0.0671875 0.0390625
0 0.48984375 0.2375 0.059375 0.0359375
0 0.56015625 0.6921875 0.0375 0.028125
0 0.50234375 0.8296875 0.071875 0.034375
0 0.5640625 0.28125 0.059375 0.0375
0 0.74921875 0.41875 0.0484375 0.028125
0 0.91640625 0.6171875 0.0890625 0.0296875
0 0.50078125 0.19140625 0.05 0.028125
0 0.803125 0.46484375 0.046875 0.0328125
0 0.80625 0.6984375 0.0484375 0.03125
0 0.2515625 0.7484375 0.059375 0.0375
0 0.40234375 0.7875 0.040625 0.028125
0 0.40859375 0.284375 0.053125 0.053125