0 0.70625 0.70703125 0.0890625 0.0453125
0 0.7546875 0.675 0.05625 0.0421875
0 0.96015625 0.70546875 0.0796875 0.0390625
0 0.56171875 0.20703125 0.071875 0.0359375
0 0.64609375 0.20546875 0.040625 0.040625
0 0.5875 0.2828125 0.05 0.053125
0 0.475 0.3078125 0.0890625 0.0453125
0 0.45078125 0.2328125 0.0796875 0.0875
0 0.37109375 0.2171875 0.075 0.0875
0 0.2828125 0.246875 0.0640625 0.05
0 0.290625 0.1859375 0.071875 0.04375
0 0.1671875 0.15625 0.184375 0.065625
0 0.11171875 0.2703125 0.05 0.06875
0 0.42734375 0.778125 0.096875 0.078125
0 0.34375 0.9171875 0.090625 0.0546875
0 0.2140625 0.9765625 0.109375 0.046875
0 0.2234375 0.909375 0.1078125 0.0796875
0 0.11328125 0.940625 0.13125 0.05625
0 0.1078125 0.84609375 0.096875 0.103125
0 0.44609375 0.84609375 0.0875 0.040625
0 0.41875 0.14375 0.0828125 0.05625
0 0.3109375 0.1125 0.146875 0.0828125