0 0.184375 0.5484375 0.071875 0.08125
0 0.44375 0.3625 0.0640625 0.0859375
0 0.446875 0.4546875 0.0375 0.05625
0 0.6234375 0.634375 0.04375 0.0546875
0 0.48203125 0.78359375 0.046875 0.0515625
0 0.2109375 0.65234375 0.0390625 0.0578125
0 0.2015625 0.721875 0.034375 0.0484375
0 0.28125 0.65234375 0.046875 0.0578125
0 0.42265625 0.65234375 0.0546875 0.046875
0 0.3390625 0.40078125 0.059375 0.071875
0 0.36953125 0.33359375 0.0453125 0.059375
0 0.496875 0.29453125 0.0453125 0.0609375
0 0.5359375 0.36171875 0.065625 0.08125
0 0.58828125 0.52421875 0.059375 0.0625
0 0.453125 0.515625 0.0328125 0.04375
0 0.49296875 0.54140625 0.04375 0.103125
0 0.50546875 0.6453125 0.05625 0.08125
0 0.68515625 0.6203125 0.0359375 0.04375
0 0.5703125 0.69140625 0.034375 0.065625
0 0.60234375 0.7171875 0.04375 0.0578125
0 0.5984375 0.85390625 0.05625 0.046875
0 0.625 0.77734375 0.0296875 0.040625
0 0.54140625 0.25 0.0375 0.05
0 0.72421875 0.38515625 0.0375 0.071875
0 0.778125 0.68671875 0.0265625 0.046875
0 0.73125 0.64453125 0.03125 0.06875
0 0.01640625 0.33203125 0.03125 0.05625
0 0.01953125 0.440625 0.0375 0.0625
0 0.01953125 0.559375 0.0359375 0.075
0 0.075 0.64140625 0.0484375 0.078125
0 0.08515625 0.55 0.0375 0.05
0 0.70703125 0.77109375 0.040625 0.0546875