0 0.4171875 0.31796875 0.08125 0.065625
0 0.19140625 0.2984375 0.0796875 0.075
0 0.0359375 0.38984375 0.071875 0.065625
0 0.04296875 0.46328125 0.0859375 0.053125
0 0.78359375 0.3515625 0.15 0.084375
0 0.5703125 0.7 0.0875 0.059375
0 0.5203125 0.46328125 0.06875 0.05625
0 0.546875 0.56171875 0.0734375 0.05625
0 0.559375 0.38359375 0.0734375 0.0609375
0 0.63046875 0.51171875 0.0828125 0.05
0 0.8484375 0.6265625 0.259375 0.1078125
0 0.80234375 0.46484375 0.0921875 0.071875
0 0.803125 0.53359375 0.0890625 0.059375
0 0.26796875 0.54296875 0.0578125 0.053125
0 0.71328125 0.2125 0.06875 0.04375
0 0.65859375 0.29453125 0.071875 0.0546875
0 0.64375 0.359375 0.090625 0.065625
0 0.49375 0.33671875 0.0640625 0.053125