0 0.9125 0.20234375 0.06875 0.078125
0 0.9796875 0.32890625 0.040625 0.078125
0 0.5796875 0.57578125 0.1453125 0.128125
0 0.4859375 0.38984375 0.071875 0.0625
0 0.34921875 0.56015625 0.065625 0.05
0 0.31640625 0.61640625 0.10625 0.046875
0 0.684375 0.83046875 0.115625 0.08125
0 0.7578125 0.6734375 0.10625 0.078125
0 0.77265625 0.46796875 0.1453125 0.1
0 0.625 0.66328125 0.109375 0.053125
0 0.54453125 0.9015625 0.075 0.053125
0 0.30234375 0.79296875 0.059375 0.0875
0 0.40234375 0.78203125 0.084375 0.0625
0 0.1921875 0.83125 0.0875 0.05
0 0.05859375 0.56640625 0.075 0.078125
0 0.36015625 0.403125 0.0828125 0.053125
0 0.86640625 0.603125 0.1 0.0671875
0 0.865625 0.796875 0.1015625 0.05625
0 0.63515625 0.72578125 0.071875 0.053125
0 0.55 0.8015625 0.125 0.0875