0 0.32265625 0.2640625 0.034375 0.065625
0 0.31953125 0.80390625 0.0453125 0.071875
0 0.36484375 0.7828125 0.034375 0.059375
0 0.5484375 0.93984375 0.040625 0.0671875
0 0.69765625 0.44296875 0.1 0.153125
0 0.35390625 0.496875 0.059375 0.0890625
0 0.4421875 0.4625 0.078125 0.071875
0 0.5140625 0.31796875 0.096875 0.1140625
0 0.61953125 0.18203125 0.05 0.06875
0 0.49140625 0.57421875 0.025 0.04375
0 0.54765625 0.43359375 0.090625 0.084375
0 0.6140625 0.36484375 0.04375 0.04375
0 0.62890625 0.4296875 0.0375 0.071875