0 0.26015625 0.09375 0.06796875 0.10859375
0 0.1953125 0.1765625 0.05703125 0.1109375
0 0.15 0.30390625 0.07265625 0.11484375
0 0.2109375 0.44765625 0.06484375 0.10703125
0 0.5671875 0.1796875 0.05234375 0.07890625
0 0.65234375 0.103125 0.05625 0.08125
0 0.7921875 0.53359375 0.1078125 0.178125
0 0.403125 0.84296875 0.090625 0.16171875
0 0.0625 0.5546875 0.07265625 0.11953125
0 0.215625 0.88671875 0.09921875 0.140625
0 0.72421875 0.26640625 0.07421875 0.13671875
0 0.94609375 0.2234375 0.1078125 0.346875
0 0.84453125 0.05390625 0.0859375 0.1078125