0 0.74765625 0.7015625 0.103125 0.05625
0 0.8390625 0.3 0.14375 0.1453125
0 0.6375 0.2203125 0.2171875 0.0984375
0 0.4375 0.18515625 0.125 0.0890625
0 0.046875 0.60078125 0.09375 0.0703125
0 0.21484375 0.565625 0.1265625 0.1203125
0 0.39140625 0.31015625 0.15 0.0796875
0 0.7390625 0.50625 0.140625 0.10625
0 0.85859375 0.425 0.103125 0.05625
0 0.5796875 0.46875 0.1 0.084375
0 0.56640625 0.3921875 0.259375 0.078125
0 0.8125 0.6234375 0.225 0.1
0 0.909375 0.53828125 0.1375 0.0875
0 0.5296875 0.29609375 0.1125 0.065625