0 0.30390625 0.2265625 0.0625 0.078125
0 0.34609375 0.35078125 0.08125 0.153125
0 0.503125 0.1796875 0.0625 0.0953125
0 0.74375 0.2671875 0.103125 0.140625
0 0.28203125 0.671875 0.06875 0.090625
0 0.6828125 0.8046875 0.065625 0.071875
0 0.43046875 0.52890625 0.08125 0.121875
0 0.44609375 0.39296875 0.05 0.0703125
0 0.6015625 0.55546875 0.08125 0.121875
0 0.76640625 0.38984375 0.0578125 0.084375
0 0.5828125 0.28515625 0.140625 0.109375
0 0.6875 0.47734375 0.1 0.134375
0 0.56875 0.41796875 0.09375 0.140625
0 0.559375 0.66640625 0.053125 0.1078125
0 0.72265625 0.63671875 0.0765625 0.10625
0 0.79453125 0.10078125 0.0921875 0.1203125
0 0.21640625 0.434375 0.0671875 0.084375