0 0.440625 0.709375 0.065625 0.05
0 0.79765625 0.696875 0.0765625 0.05
0 0.82578125 0.7625 0.075 0.06875
0 0.9734375 0.5625 0.05 0.0625
0 0.7765625 0.27421875 0.0625 0.053125
0 0.7515625 0.20859375 0.084375 0.065625
0 0.71640625 0.39140625 0.05625 0.0390625
0 0.45234375 0.31640625 0.08125 0.04375
0 0.515625 0.2796875 0.046875 0.040625
0 0.55546875 0.40390625 0.05 0.034375
0 0.10625 0.8109375 0.065625 0.0546875
0 0.36328125 0.7671875 0.08125 0.0640625
0 0.53359375 0.846875 0.046875 0.028125
0 0.59609375 0.8109375 0.06875 0.0515625
0 0.55390625 0.7515625 0.075 0.05
0 0.53515625 0.68046875 0.046875 0.0390625
0 0.65859375 0.4796875 0.053125 0.04375
0 0.721875 0.51328125 0.0640625 0.0515625
0 0.809375 0.6375 0.0671875 0.04375
0 0.8265625 0.83203125 0.0484375 0.034375
0 0.62578125 0.30234375 0.0515625 0.04375
0 0.93671875 0.25625 0.05 0.040625
0 0.63515625 0.3734375 0.0640625 0.040625
0 0.45703125 0.80546875 0.0484375 0.040625
0 0.79296875 0.9015625 0.0828125 0.0390625
0 0.93046875 0.9359375 0.06875 0.0390625