0 0.21328125 0.22265625 0.0296875 0.05
0 0.36953125 0.25703125 0.03125 0.04375
0 0.5265625 0.11875 0.040625 0.0421875
0 0.428125 0.0859375 0.028125 0.0484375
0 0.33046875 0.31171875 0.03125 0.053125
0 0.4765625 0.46328125 0.025 0.03125
0 0.6046875 0.38671875 0.025 0.05
0 0.58515625 0.42265625 0.025 0.034375
0 0.73828125 0.37421875 0.0296875 0.04375
0 0.76484375 0.275 0.0375 0.0515625
0 0.7875 0.16953125 0.028125 0.040625
0 0.69296875 0.203125 0.03125 0.0421875
0 0.7765625 0.35546875 0.021875 0.040625
0 0.68203125 0.56875 0.0375 0.05625
0 0.6796875 0.6421875 0.028125 0.046875
0 0.65859375 0.76171875 0.03125 0.06875
0 0.57578125 0.83671875 0.034375 0.0640625
0 0.56796875 0.71328125 0.028125 0.040625
0 0.459375 0.86171875 0.053125 0.053125
0 0.36640625 0.78828125 0.021875 0.040625
0 0.38984375 0.6171875 0.0265625 0.04375
0 0.3390625 0.61796875 0.028125 0.0359375
0 0.33828125 0.565625 0.025 0.0375
0 0.53828125 0.6734375 0.025 0.040625
0 0.32890625 0.76796875 0.021875 0.0375
0 0.75234375 0.50703125 0.0234375 0.0328125
0 0.79296875 0.25390625 0.021875 0.053125
0 0.53359375 0.0484375 0.034375 0.053125
0 0.22109375 0.34609375 0.040625 0.0546875
0 0.22421875 0.5140625 0.025 0.065625