0 0.35234375 0.59375 0.153125 0.109375
0 0.4 0.3484375 0.084375 0.075
0 0.2375 0.80546875 0.1046875 0.078125
0 0.3859375 0.84609375 0.096875 0.09375
0 0.465625 0.796875 0.09375 0.075
0 0.2125 0.67734375 0.15625 0.0671875
0 0.3453125 0.4828125 0.0796875 0.05
0 0.4875 0.34921875 0.078125 0.065625
0 0.6609375 0.41875 0.096875 0.0421875
0 0.65390625 0.35234375 0.09375 0.046875
0 0.7515625 0.3375 0.05625 0.046875
0 0.684375 0.5703125 0.121875 0.078125
0 0.66171875 0.7390625 0.1359375 0.078125
0 0.4859375 0.63359375 0.065625 0.040625
0 0.51953125 0.50859375 0.09375 0.096875
0 0.42109375 0.50390625 0.09375 0.078125