0 0.196875 0.496875 0.05 0.06796875
0 0.20078125 0.6359375 0.03828125 0.05
0 0.240625 0.61015625 0.0515625 0.16796875
0 0.2828125 0.72890625 0.04296875 0.07421875
0 0.3625 0.62578125 0.06015625 0.08671875
0 0.62890625 0.6265625 0.03671875 0.0765625
0 0.67578125 0.63671875 0.0421875 0.06640625
0 0.7828125 0.55390625 0.03515625 0.05859375
0 0.7609375 0.4609375 0.03125 0.0703125
0 0.7 0.40234375 0.0421875 0.08203125
0 0.765625 0.6703125 0.03515625 0.06328125
0 0.71640625 0.77265625 0.04921875 0.0828125
0 0.6328125 0.7203125 0.03125 0.0625
0 0.5515625 0.71640625 0.034375 0.06953125
0 0.32265625 0.8171875 0.05703125 0.11171875
0 0.79140625 0.74765625 0.03125 0.04609375
0 0.65546875 0.77578125 0.03046875 0.046875