0 0.49765625 0.2765625 0.1 0.071875
0 0.3703125 0.08203125 0.13125 0.096875
0 0.61484375 0.1421875 0.078125 0.0671875
0 0.7265625 0.140625 0.078125 0.0625
0 0.58203125 0.4609375 0.078125 0.0765625
0 0.19375 0.55625 0.1359375 0.071875
0 0.36171875 0.48828125 0.103125 0.109375
0 0.434375 0.83359375 0.08125 0.0546875
0 0.35703125 0.60546875 0.0625 0.05
0 0.55 0.67265625 0.146875 0.0703125
0 0.184375 0.38515625 0.08125 0.1078125
0 0.59609375 0.559375 0.0734375 0.04375
0 0.5671875 0.86015625 0.065625 0.05
0 0.5234375 0.8015625 0.06875 0.059375
0 0.415625 0.37421875 0.078125 0.071875