0 0.36640625 0.6671875 0.059375 0.034375
0 0.56328125 0.38203125 0.04375 0.0359375
0 0.62890625 0.36875 0.0671875 0.0328125
0 0.753125 0.45859375 0.04375 0.028125
0 0.72890625 0.39375 0.071875 0.040625
0 0.7296875 0.321875 0.0609375 0.03125
0 0.5734375 0.17734375 0.059375 0.040625
0 0.36640625 0.43203125 0.06875 0.04375
0 0.05703125 0.69375 0.059375 0.034375
0 0.065625 0.67578125 0.0640625 0.0609375
0 0.41015625 0.934375 0.1125 0.03125
0 0.690625 0.85 0.046875 0.0296875
0 0.8921875 0.69296875 0.0359375 0.0265625
0 0.9609375 0.590625 0.04375 0.0296875
0 0.7078125 0.2671875 0.0609375 0.040625
0 0.6296875 0.24453125 0.0421875 0.0265625
0 0.69609375 0.69296875 0.046875 0.034375