0 0.75703125 0.2234375 0.075 0.1
0 0.88984375 0.2921875 0.0875 0.103125
0 0.8625 0.56640625 0.0546875 0.0828125
0 0.75546875 0.490625 0.053125 0.071875
0 0.6546875 0.3921875 0.06875 0.09375
0 0.6515625 0.53359375 0.0859375 0.11875
0 0.59765625 0.72734375 0.1109375 0.1015625
0 0.53828125 0.440625 0.0640625 0.0734375
0 0.53359375 0.30625 0.0515625 0.071875
0 0.4859375 0.34296875 0.05 0.08125
0 0.47734375 0.1890625 0.059375 0.065625
0 0.1875 0.1 0.06875 0.1125
0 0.35625 0.7234375 0.1015625 0.0609375
0 0.36171875 0.81015625 0.06875 0.059375
0 0.5109375 0.55390625 0.075 0.075
0 0.48359375 0.6421875 0.059375 0.10625
0 0.53671875 0.22890625 0.0640625 0.065625
0 0.7421875 0.05078125 0.0875 0.1
0 0.984375 0.9109375 0.03125 0.065625
0 0.75390625 0.371875 0.084375 0.084375
0 0.68515625 0.27734375 0.059375 0.1375
0 0.3625 0.578125 0.059375 0.078125
0 0.4296875 0.5828125 0.0859375 0.075
0 0.29765625 0.3859375 0.059375 0.071875
0 0.36875 0.253125 0.0640625 0.0875
0 0.509375 0.11875 0.04375 0.0671875
0 0.409375 0.13515625 0.05 0.0640625
0 0.3125 0.309375 0.0484375 0.065625
0 0.49296875 0.7640625 0.09375 0.071875
0 0.20703125 0.49375 0.078125 0.0921875
0 0.30078125 0.875 0.0875 0.0765625
0 0.4 0.8859375 0.0703125 0.065625
0 0.5671875 0.63125 0.05625 0.0671875
0 0.81484375 0.33671875 0.04375 0.059375
0 0.25 0.30703125 0.046875 0.0875
0 0.2203125 0.7140625 0.0625 0.0828125
0 0.4421875 0.303125 0.0421875 0.06875
0 0.4765625 0.446875 0.05625 0.125