0 0.4984375 0.4703125 0.125 0.1109375
0 0.703125 0.4765625 0.090625 0.0609375
0 0.56171875 0.37421875 0.059375 0.046875
0 0.39921875 0.284375 0.075 0.05625
0 0.05234375 0.609375 0.078125 0.0609375
0 0.4359375 0.72109375 0.0671875 0.0453125
0 0.51796875 0.6671875 0.0765625 0.059375
0 0.33125 0.45 0.084375 0.065625
0 0.2703125 0.50625 0.06875 0.053125
0 0.2109375 0.57265625 0.078125 0.0484375
0 0.1734375 0.51875 0.103125 0.053125
0 0.3546875 0.04765625 0.075 0.05625
0 0.21953125 0.15390625 0.0953125 0.075
0 0.146875 0.05859375 0.128125 0.071875
0 0.53671875 0.18828125 0.0671875 0.0640625
0 0.4109375 0.55390625 0.075 0.0640625
0 0.0296875 0.42890625 0.059375 0.0953125
0 0.146875 0.453125 0.1296875 0.065625