0 0.2234375 0.24296875 0.1 0.075
0 0.2921875 0.11015625 0.103125 0.08828125
0 0.56640625 0.1375 0.08203125 0.0546875
0 0.490625 0.24453125 0.07265625 0.053125
0 0.3921875 0.3453125 0.09375 0.06953125
0 0.53359375 0.3484375 0.11796875 0.0859375
0 0.72734375 0.40234375 0.1015625 0.1109375
0 0.440625 0.46171875 0.0734375 0.0640625
0 0.30625 0.46640625 0.07109375 0.0515625
0 0.34296875 0.5140625 0.08125 0.04921875
0 0.1890625 0.52265625 0.06640625 0.059375
0 0.1 0.8125 0.11171875 0.06875
0 0.7234375 0.64375 0.0609375 0.1015625
0 0.81015625 0.63828125 0.06015625 0.06796875
0 0.55390625 0.4890625 0.07421875 0.075
0 0.6421875 0.51640625 0.10625 0.06015625
0 0.22890625 0.46328125 0.06640625 0.0640625
0 0.05078125 0.2578125 0.10078125 0.08828125
0 0.9109375 0.015625 0.06484375 0.03046875
0 0.371875 0.24609375 0.08515625 0.084375
0 0.27734375 0.31484375 0.1375 0.059375
0 0.578125 0.6375 0.07734375 0.06015625
0 0.5828125 0.5703125 0.07578125 0.0859375
0 0.3859375 0.70234375 0.07265625 0.059375
0 0.253125 0.63125 0.08671875 0.0640625
0 0.11875 0.490625 0.0671875 0.04296875
0 0.13515625 0.590625 0.0640625 0.04921875
0 0.309375 0.6875 0.065625 0.0484375
0 0.7640625 0.50703125 0.07265625 0.09453125
0 0.49375 0.79296875 0.0921875 0.07734375
0 0.875 0.69921875 0.0765625 0.0875
0 0.8859375 0.6 0.065625 0.0703125
0 0.63125 0.4328125 0.0671875 0.05546875
0 0.33671875 0.18515625 0.059375 0.04375
0 0.30703125 0.75 0.08828125 0.046875
0 0.7140625 0.7796875 0.0828125 0.0625
0 0.303125 0.5578125 0.06796875 0.0421875
0 0.446875 0.5234375 0.12421875 0.05546875