0 0.1453125 0.43515625 0.0421875 0.075
0 0.22578125 0.54609375 0.0359375 0.0890625
0 0.41796875 0.8125 0.040625 0.0625
0 0.27265625 0.14609375 0.046875 0.0765625
0 0.20703125 0.0828125 0.040625 0.075
0 0.36171875 0.41640625 0.0375 0.0609375
0 0.4234375 0.28046875 0.05 0.071875
0 0.5015625 0.53359375 0.0421875 0.06875
0 0.3890625 0.57578125 0.04375 0.075
0 0.46796875 0.62734375 0.0390625 0.05
0 0.4875 0.74296875 0.05 0.065625
0 0.53046875 0.3953125 0.0875 0.128125
0 0.3875 0.3578125 0.0921875 0.075