0 0.15859375 0.021875 0.0421875 0.0375
0 0.8671875 0.17109375 0.05 0.05
0 0.15234375 0.246875 0.04375 0.059375
0 0.075 0.08828125 0.05625 0.0515625
0 0.57265625 0.32265625 0.053125 0.0625
0 0.4 0.2765625 0.0859375 0.05
0 0.26953125 0.09453125 0.05 0.046875
0 0.346875 0.0828125 0.0578125 0.0796875
0 0.30078125 0.27109375 0.05625 0.05625
0 0.18359375 0.16796875 0.0546875 0.0421875
0 0.54765625 0.02265625 0.053125 0.0375
0 0.5296875 0.0640625 0.059375 0.04375
0 0.49921875 0.10390625 0.05 0.04375
0 0.31640625 0.3578125 0.05 0.053125
0 0.24921875 0.240625 0.0375 0.03125
0 0.27265625 0.2203125 0.034375 0.040625
0 0.3578125 0.23046875 0.046875 0.053125