0 0.109375 0.559375 0.05625 0.04375
0 0.13125 0.5015625 0.046875 0.0375
0 0.0203125 0.43984375 0.040625 0.0546875
0 0.40390625 0.41953125 0.05 0.040625
0 0.36796875 0.4671875 0.084375 0.075
0 0.75859375 0.79375 0.059375 0.0484375
0 0.83203125 0.83984375 0.075 0.059375
0 0.74921875 0.65390625 0.0484375 0.0390625
0 0.7015625 0.4359375 0.059375 0.040625
0 0.7609375 0.34765625 0.10625 0.0640625
0 0.7265625 0.278125 0.05625 0.040625
0 0.84921875 0.2453125 0.059375 0.046875
0 0.31875 0.71640625 0.0453125 0.040625
0 0.67421875 0.8921875 0.05625 0.0375
0 0.68984375 0.78046875 0.053125 0.05625
0 0.3234375 0.24453125 0.075 0.0734375