0 0.51640625 0.24375 0.0875 0.125
0 0.39453125 0.45546875 0.040625 0.0734375
0 0.44609375 0.41171875 0.04375 0.1
0 0.4984375 0.38359375 0.053125 0.1375
0 0.54453125 0.4765625 0.0546875 0.071875
0 0.9265625 0.3125 0.0671875 0.109375
0 0.4265625 0.8203125 0.046875 0.06875
0 0.371875 0.68828125 0.065625 0.109375
0 0.29765625 0.45078125 0.0390625 0.08125
0 0.3375 0.409375 0.0421875 0.065625
0 0.51796875 0.653125 0.0625 0.0625
0 0.4859375 0.53125 0.04375 0.053125
0 0.846875 0.3765625 0.053125 0.059375
0 0.7171875 0.30625 0.0390625 0.1
0 0.6453125 0.26875 0.040625 0.0625
0 0.921875 0.5984375 0.0421875 0.05625
0 0.8234375 0.8015625 0.040625 0.0703125
0 0.740625 0.890625 0.0375 0.0671875
0 0.59609375 0.55234375 0.0359375 0.06875
0 0.55703125 0.159375 0.0484375 0.065625
0 0.1390625 0.78046875 0.0328125 0.05
0 0.6375 0.4796875 0.0375 0.0625
0 0.8359375 0.48203125 0.0390625 0.0625