0 0.4234375 0.27890625 0.10625 0.059375
0 0.74765625 0.4390625 0.0953125 0.059375
0 0.0734375 0.7828125 0.103125 0.065625
0 0.18203125 0.50078125 0.0890625 0.05
0 0.26640625 0.5640625 0.0875 0.05
0 0.44140625 0.56484375 0.103125 0.0453125
0 0.69453125 0.52578125 0.0984375 0.046875
0 0.4796875 0.4484375 0.096875 0.046875
0 0.3296875 0.453125 0.128125 0.065625
0 0.58203125 0.59453125 0.0703125 0.05625
0 0.59375 0.4875 0.115625 0.0828125
0 0.053125 0.38671875 0.06875 0.05
0 0.028125 0.534375 0.05625 0.04375
0 0.39140625 0.63046875 0.059375 0.0359375