0 0.7515625 0.31796875 0.04609375 0.078125
0 0.309375 0.17578125 0.04921875 0.0703125
0 0.30546875 0.27109375 0.0421875 0.0765625
0 0.17109375 0.1734375 0.04921875 0.06953125
0 0.0796875 0.3265625 0.084375 0.096875
0 0.14375 0.43359375 0.065625 0.11875
0 0.09140625 0.5375 0.06640625 0.09765625
0 0.1328125 0.64921875 0.04765625 0.06171875
0 0.13671875 0.721875 0.06484375 0.07890625
0 0.18046875 0.81328125 0.05 0.07421875
0 0.30859375 0.60078125 0.05546875 0.1515625
0 0.2734375 0.42421875 0.0421875 0.0796875
0 0.0515625 0.42578125 0.05078125 0.10546875
0 0.33125 0.78671875 0.05546875 0.08203125
0 0.26015625 0.7046875 0.06640625 0.128125
0 0.26796875 0.6140625 0.04140625 0.0734375
0 0.21953125 0.21328125 0.04140625 0.0859375
0 0.22890625 0.80390625 0.04609375 0.13046875
0 0.27421875 0.85234375 0.04609375 0.06640625
0 0.34296875 0.70546875 0.0421875 0.06171875
0 0.2828125 0.496875 0.08203125 0.08203125
0 0.24765625 0.3234375 0.04140625 0.06171875
0 0.20390625 0.9390625 0.06875 0.07578125
0 0.43359375 0.7484375 0.05625 0.0984375