0 0.15859375 0.2359375 0.0296875 0.0515625
0 0.21953125 0.165625 0.034375 0.04375
0 0.36015625 0.2109375 0.028125 0.046875
0 0.6015625 0.25234375 0.034375 0.05
0 0.78515625 0.1109375 0.028125 0.040625
0 0.775 0.20703125 0.03125 0.053125
0 0.809375 0.2921875 0.025 0.04375
0 0.9640625 0.07578125 0.025 0.0375
0 0.94140625 0.37265625 0.0328125 0.053125
0 0.80546875 0.4828125 0.025 0.0421875
0 0.9109375 0.621875 0.025 0.0375
0 0.03046875 0.43046875 0.025 0.046875
0 0.034375 0.16796875 0.025 0.0359375
0 0.07890625 0.12265625 0.025 0.0375
0 0.17578125 0.3296875 0.0296875 0.046875
0 0.26875 0.38671875 0.0484375 0.05625
0 0.33203125 0.41875 0.03125 0.040625
0 0.36484375 0.36953125 0.03125 0.034375
0 0.3890625 0.4265625 0.03125 0.04375
0 0.7640625 0.31875 0.03125 0.05
0 0.7421875 0.58828125 0.028125 0.0421875
0 0.725 0.61171875 0.0296875 0.04375
0 0.75390625 0.67421875 0.034375 0.05625
0 0.8578125 0.68828125 0.021875 0.040625
0 0.575 0.715625 0.0234375 0.0390625
0 0.6546875 0.596875 0.040625 0.090625
0 0.359375 0.9234375 0.025 0.046875
0 0.39765625 0.94375 0.0234375 0.0421875
0 0.2828125 0.6703125 0.040625 0.084375
0 0.55234375 0.5890625 0.028125 0.04375
0 0.6046875 0.41328125 0.040625 0.046875
0 0.51171875 0.76796875 0.028125 0.065625
0 0.72109375 0.80703125 0.0234375 0.04375
0 0.02265625 0.53125 0.025 0.040625
0 0.42109375 0.77265625 0.04375 0.053125
0 0.528125 0.65390625 0.025 0.0484375
0 0.7859375 0.04140625 0.025 0.0453125
0 0.93203125 0.28203125 0.028125 0.046875
0 0.31015625 0.13046875 0.034375 0.04375
0 0.05859375 0.01171875 0.025 0.0234375
0 0.6703125 0.16015625 0.0328125 0.05625
0 0.71171875 0.42578125 0.03125 0.04375
0 0.68984375 0.4953125 0.025 0.046875
0 0.07421875 0.1640625 0.025 0.034375
0 0.0328125 0.10078125 0.0265625 0.0375
0 0.784375 0.56640625 0.03125 0.040625
0 0.8203125 0.55 0.0234375 0.0359375
0 0.80703125 0.63046875 0.025 0.04375
0 0.2671875 0.78125 0.021875 0.0375
0 0.82734375 0.24375 0.025 0.0390625
0 0.62734375 0.1515625 0.0265625 0.0421875
0 0.21875 0.52421875 0.025 0.040625