0 0.7640625 0.725 0.0359375 0.05625
0 0.67578125 0.89765625 0.0328125 0.0484375
0 0.73203125 0.90703125 0.034375 0.05
0 0.7125 0.6953125 0.025 0.0765625
0 0.65078125 0.61328125 0.03125 0.0484375
0 0.5875 0.375 0.028125 0.05625
0 0.6875 0.31484375 0.0328125 0.075
0 0.3796875 0.18203125 0.0375 0.05625
0 0.4640625 0.075 0.03125 0.075
0 0.6734375 0.05625 0.034375 0.103125
0 0.70703125 0.09296875 0.04375 0.05625
0 0.84453125 0.21328125 0.034375 0.0515625
0 0.6625 0.259375 0.03125 0.05625
0 0.796875 0.5609375 0.034375 0.05625
0 0.78984375 0.70234375 0.0328125 0.046875
0 0.62265625 0.884375 0.0453125 0.065625
0 0.52265625 0.79296875 0.040625 0.0609375
0 0.090625 0.28359375 0.0359375 0.06875
0 0.2390625 0.20703125 0.034375 0.05625
0 0.49375 0.246875 0.059375 0.1
0 0.36484375 0.3921875 0.0453125 0.084375
0 0.3890625 0.2578125 0.046875 0.0796875
0 0.40703125 0.0890625 0.04375 0.08125
0 0.19453125 0.14296875 0.0328125 0.059375
0 0.19140625 0.37578125 0.034375 0.0640625
0 0.15 0.52890625 0.05625 0.1203125
0 0.5265625 0.628125 0.028125 0.0625
0 0.571875 0.59140625 0.040625 0.06875
0 0.7203125 0.80859375 0.04375 0.103125
0 0.6390625 0.71953125 0.046875 0.075
0 0.58125 0.70078125 0.046875 0.059375
0 0.46953125 0.4046875 0.0375 0.0765625
0 0.553125 0.35859375 0.040625 0.059375
0 0.25859375 0.1546875 0.034375 0.06875
0 0.2734375 0.02890625 0.1125 0.0578125
0 0.3796875 0.059375 0.0328125 0.0671875
0 0.09609375 0.02109375 0.0375 0.040625
0 0.25859375 0.7078125 0.05 0.065625
0 0.50078125 0.58359375 0.0390625 0.05
0 0.5734375 0.26328125 0.04375 0.09375
0 0.6609375 0.1515625 0.0296875 0.0625
0 0.69375 0.1625 0.0296875 0.053125
0 0.24609375 0.31015625 0.0484375 0.05
0 0.42578125 0.39140625 0.0328125 0.05625
0 0.23359375 0.96328125 0.034375 0.046875
0 0.09375 0.75390625 0.0328125 0.05
0 0.18515625 0.60625 0.028125 0.0625
0 0.3390625 0.084375 0.0328125 0.0625
0 0.690625 0.603125 0.0296875 0.0625
0 0.5109375 0.33828125 0.0359375 0.06875
0 0.46015625 0.325 0.0390625 0.05625
0 0.75703125 0.27265625 0.034375 0.0578125
0 0.11328125 0.21953125 0.059375 0.0484375
0 0.496875 0.46875 0.06875 0.046875
0 0.384375 0.72109375 0.034375 0.05
0 0.77265625 0.79453125 0.034375 0.059375
0 0.75859375 0.884375 0.028125 0.053125
0 0.32734375 0.2015625 0.046875 0.0546875
0 0.11015625 0.115625 0.0328125 0.059375
0 0.27734375 0.35703125 0.03125 0.05
0 0.35625 0.31875 0.040625 0.05625
0 0.61875 0.12109375 0.0359375 0.11875