0 0.53515625 0.2921875 0.15625 0.0953125
0 0.41015625 0.665625 0.121875 0.146875
0 0.74609375 0.4671875 0.090625 0.0625
0 0.91328125 0.9 0.1015625 0.0796875
0 0.93515625 0.34609375 0.1296875 0.1
0 0.953125 0.4828125 0.09375 0.08125
0 0.696875 0.29609375 0.109375 0.071875
0 0.6703125 0.41484375 0.075 0.059375
0 0.43671875 0.35078125 0.125 0.059375
0 0.25078125 0.43515625 0.1375 0.071875
0 0.17578125 0.36640625 0.0984375 0.0859375
0 0.29921875 0.30703125 0.1375 0.09375
0 0.5015625 0.4421875 0.09375 0.134375