0 0.4859375 0.11328125 0.0734375 0.08125
0 0.35 0.1375 0.1046875 0.1015625
0 0.1828125 0.2546875 0.071875 0.1
0 0.14296875 0.06171875 0.1140625 0.1234375
0 0.03828125 0.1421875 0.075 0.115625
0 0.46015625 0.28828125 0.16875 0.2
0 0.66015625 0.04296875 0.178125 0.0859375
0 0.87421875 0.03828125 0.0953125 0.0765625
0 0.97265625 0.24609375 0.0546875 0.1546875
0 0.9125 0.40546875 0.146875 0.1703125
0 0.7296875 0.834375 0.175 0.221875
0 0.61328125 0.9265625 0.090625 0.1125
0 0.43125 0.9046875 0.115625 0.1171875
0 0.4296875 0.78125 0.09375 0.0859375
0 0.2859375 0.9109375 0.1515625 0.178125
0 0.55078125 0.64765625 0.153125 0.140625
0 0.4953125 0.490625 0.153125 0.190625
0 0.6515625 0.45625 0.103125 0.165625
0 0.7484375 0.303125 0.0875 0.121875
0 0.78125 0.484375 0.1125 0.125
0 0.92734375 0.5703125 0.1 0.0953125
0 0.87421875 0.2265625 0.128125 0.13125
0 0.84921875 0.71328125 0.06875 0.09375
0 0.28828125 0.47578125 0.234375 0.3421875
0 0.1359375 0.840625 0.096875 0.103125