0 0.496875 0.803125 0.06875 0.05
0 0.6359375 0.79921875 0.05 0.0375
0 0.61015625 0.759375 0.16875 0.0515625
0 0.72890625 0.7171875 0.075 0.04375
0 0.62578125 0.6375 0.0875 0.059375
0 0.6265625 0.37109375 0.0765625 0.0375
0 0.63671875 0.32421875 0.065625 0.0421875
0 0.55390625 0.2171875 0.059375 0.034375
0 0.4609375 0.2390625 0.0703125 0.03125
0 0.40234375 0.3 0.08125 0.0421875
0 0.6703125 0.234375 0.0625 0.034375
0 0.77265625 0.28359375 0.0828125 0.05
0 0.7203125 0.3671875 0.0625 0.03125
0 0.71640625 0.4484375 0.06875 0.034375
0 0.8171875 0.67734375 0.1125 0.0578125
0 0.74765625 0.20859375 0.046875 0.03125
0 0.77578125 0.34453125 0.046875 0.03125