0 0.8546875 0.77265625 0.05 0.034375
0 0.80546875 0.759375 0.0625 0.04375
0 0.896875 0.55390625 0.0484375 0.03125
0 0.3546875 0.61640625 0.059375 0.040625
0 0.453125 0.17421875 0.0609375 0.04375
0 0.41015625 0.83359375 0.11875 0.0640625
0 0.53359375 0.6953125 0.046875 0.0375
0 0.425 0.75703125 0.053125 0.0359375
0 0.4390625 0.38984375 0.053125 0.03125
0 0.5296875 0.80703125 0.084375 0.0328125
0 0.76171875 0.834375 0.059375 0.03125
0 0.55 0.8671875 0.05625 0.0390625
0 0.046875 0.7890625 0.05625 0.03125