0 0.4 0.24140625 0.08359375 0.04609375
0 0.3453125 0.45234375 0.1125 0.06015625
0 0.57421875 0.46328125 0.0921875 0.0515625
0 0.56796875 0.40625 0.07890625 0.04921875
0 0.8390625 0.40703125 0.07421875 0.05390625
0 0.66796875 0.625 0.13125 0.0390625
0 0.559375 0.6125 0.09140625 0.05625
0 0.25625 0.721875 0.09296875 0.0609375
0 0.4296875 0.69296875 0.12578125 0.08046875
0 0.5828125 0.73984375 0.15546875 0.0984375
0 0.6421875 0.56171875 0.08046875 0.05390625
0 0.7515625 0.56875 0.1109375 0.06484375
0 0.92890625 0.6453125 0.0828125 0.0515625
0 0.64921875 0.15234375 0.0890625 0.05234375
0 0.55078125 0.203125 0.06796875 0.0421875
0 0.096875 0.18515625 0.071875 0.04296875
0 0.31171875 0.296875 0.11015625 0.0578125
0 0.2640625 0.4 0.07109375 0.046875
0 0.17734375 0.725 0.07265625 0.10859375
0 0.51796875 0.834375 0.0703125 0.05
0 0.4296875 0.8375 0.121875 0.096875
0 0.5265625 0.9 0.0625 0.04453125
0 0.91640625 0.5109375 0.0828125 0.0765625
0 0.6546875 0.8375 0.1328125 0.08125