0 0.76015625 0.01171875 0.059375 0.0234375
0 0.70546875 0.10234375 0.040625 0.025
0 0.678125 0.16328125 0.046875 0.025
0 0.75390625 0.08046875 0.0375 0.0234375
0 0.975 0.340625 0.05 0.04375
0 0.4953125 0.1703125 0.0484375 0.034375
0 0.56484375 0.23203125 0.06875 0.040625
0 0.615625 0.2015625 0.0625 0.03125
0 0.6203125 0.39765625 0.084375 0.03125
0 0.6703125 0.52578125 0.059375 0.0359375
0 0.68125 0.58828125 0.046875 0.0265625
0 0.6984375 0.559375 0.06875 0.034375
0 0.65 0.48125 0.0734375 0.04375
0 0.4140625 0.5125 0.065625 0.046875
0 0.3546875 0.63515625 0.059375 0.04375
0 0.41484375 0.63984375 0.053125 0.059375
0 0.3828125 0.3796875 0.05 0.0265625
0 0.2546875 0.5734375 0.059375 0.0375
0 0.78828125 0.4390625 0.053125 0.03125
0 0.92421875 0.39453125 0.05 0.028125
0 0.8875 0.48046875 0.046875 0.040625
0 0.9640625 0.5328125 0.05625 0.03125
0 0.9734375 0.57734375 0.040625 0.03125
0 0.90703125 0.58515625 0.0578125 0.0375
0 0.9671875 0.6828125 0.065625 0.046875
0 0.534375 0.4890625 0.0421875 0.03125
0 0.28984375 0.34375 0.0640625 0.034375
0 0.33828125 0.2921875 0.05 0.028125
0 0.440625 0.21015625 0.04375 0.0390625
0 0.58515625 0.35703125 0.11875 0.046875
0 0.1703125 0.6296875 0.0375 0.0375
0 0.37265625 0.7703125 0.1046875 0.040625
0 0.21484375 0.7875 0.053125 0.03125
0 0.328125 0.865625 0.096875 0.0578125
0 0.21015625 0.90234375 0.05 0.025
0 0.1171875 0.7125 0.0765625 0.0359375
0 0.1 0.6265625 0.059375 0.040625
0 0.03203125 0.69375 0.0625 0.0546875
0 0.27890625 0.69609375 0.053125 0.0375
0 0.62265625 0.70234375 0.0546875 0.053125
0 0.68046875 0.70546875 0.0578125 0.0359375
0 0.80859375 0.6703125 0.0578125 0.040625
0 0.86015625 0.62109375 0.05 0.03125
0 0.83125 0.23046875 0.059375 0.040625
0 0.55625 0.03046875 0.0453125 0.0328125
0 0.47265625 0.08125 0.05625 0.046875
0 0.2125 0.24921875 0.053125 0.0328125
0 0.09921875 0.675 0.075 0.046875
0 0.02734375 0.86015625 0.0546875 0.0296875
0 0.48125 0.77265625 0.0375 0.021875
0 0.52421875 0.746875 0.034375 0.025
0 0.3296875 0.50078125 0.06875 0.034375
0 0.36328125 0.41875 0.034375 0.0375
0 0.42109375 0.43515625 0.0609375 0.04375
0 0.68984375 0.88359375 0.03125 0.01875
0 0.73125 0.86875 0.0375 0.021875
0 0.68203125 0.309375 0.04375 0.040625
0 0.3 0.42890625 0.078125 0.071875
0 0.1421875 0.559375 0.040625 0.0375
0 0.9296875 0.45078125 0.034375 0.025
0 0.9328125 0.478125 0.03125 0.021875
0 0.709375 0.22734375 0.084375 0.059375
0 0.4203125 0.29140625 0.04375 0.04375
0 0.31171875 0.21953125 0.0734375 0.040625
0 0.20703125 0.4015625 0.034375 0.0265625
0 0.1765625 0.4796875 0.0390625 0.053125
0 0.14453125 0.08828125 0.040625 0.0203125
0 0.85703125 0.56796875 0.03125 0.0265625
0 0.90703125 0.29609375 0.034375 0.0203125
0 0.93984375 0.1828125 0.05625 0.040625
0 0.6703125 0.08359375 0.04375 0.03125