0 0.6734375 0.59765625 0.065625 0.0734375
0 0.4953125 0.5109375 0.0875 0.0734375
0 0.58203125 0.45859375 0.0671875 0.08125
0 0.31171875 0.246875 0.046875 0.0546875
0 0.85 0.42578125 0.059375 0.0546875
0 0.665625 0.43828125 0.05625 0.040625
0 0.65859375 0.52578125 0.0484375 0.04375
0 0.43359375 0.59765625 0.0546875 0.0421875
0 0.2890625 0.41328125 0.0640625 0.04375
0 0.3453125 0.3546875 0.065625 0.0421875
0 0.91796875 0.3125 0.05 0.040625
0 0.7375 0.3171875 0.0984375 0.04375
0 0.834375 0.315625 0.05 0.0390625
0 0.78671875 0.465625 0.065625 0.053125
0 0.81796875 0.54921875 0.09375 0.103125
0 0.5125 0.39765625 0.04375 0.0359375
0 0.72421875 0.63046875 0.04375 0.0390625