0 0.05078125 0.39375 0.0625 0.0484375
0 0.02890625 0.51328125 0.0578125 0.040625
0 0.559375 0.6046875 0.059375 0.053125
0 0.88046875 0.5953125 0.053125 0.0390625
0 0.27109375 0.6078125 0.059375 0.040625
0 0.07578125 0.9359375 0.0515625 0.0390625
0 0.15859375 0.56015625 0.05625 0.040625
0 0.3046875 0.41328125 0.06875 0.065625
0 0.40546875 0.53359375 0.053125 0.04375
0 0.46484375 0.48984375 0.046875 0.046875
0 0.88515625 0.709375 0.0796875 0.0734375
0 0.409375 0.35 0.06875 0.0515625
0 0.14375 0.72421875 0.0671875 0.046875