0 0.29453125 0.35859375 0.0578125 0.05625
0 0.46171875 0.4453125 0.084375 0.08125
0 0.43984375 0.61875 0.0546875 0.05625
0 0.13828125 0.4421875 0.053125 0.05
0 0.10625 0.3734375 0.053125 0.0453125
0 0.265625 0.13671875 0.109375 0.059375
0 0.43984375 0.125 0.0484375 0.05625
0 0.771875 0.8390625 0.0375 0.04375
0 0.859375 0.85546875 0.0359375 0.0390625
0 0.79921875 0.6625 0.0375 0.040625
0 0.85546875 0.54453125 0.078125 0.0875
0 0.86953125 0.77734375 0.053125 0.0625
0 0.66484375 0.475 0.0625 0.065625
0 0.634375 0.41640625 0.04375 0.0484375
0 0.19609375 0.684375 0.0625 0.053125
0 0.15703125 0.775 0.0625 0.0484375
0 0.12890625 0.54921875 0.053125 0.05
0 0.13359375 0.59765625 0.0578125 0.0421875
0 0.18828125 0.5484375 0.05 0.0421875
0 0.090625 0.21875 0.046875 0.046875
0 0.38984375 0.37734375 0.046875 0.040625
0 0.3671875 0.228125 0.0625 0.046875
0 0.46484375 0.203125 0.0671875 0.0421875
0 0.1578125 0.5703125 0.13125 0.1140625
0 0.278125 0.36015625 0.1234375 0.121875
0 0.71640625 0.32109375 0.096875 0.134375