0 0.53515625 0.503125 0.0421875 0.07734375
0 0.5734375 0.753125 0.04140625 0.0703125
0 0.73203125 0.815625 0.04921875 0.06015625
0 0.34296875 0.8625 0.040625 0.0578125
0 0.54296875 0.96328125 0.053125 0.0640625
0 0.93515625 0.7796875 0.08515625 0.08984375
0 0.41328125 0.68203125 0.04140625 0.0640625
0 0.33671875 0.59609375 0.05546875 0.07109375
0 0.2546875 0.39453125 0.05703125 0.07421875
0 0.31484375 0.378125 0.05859375 0.1078125
0 0.51875 0.253125 0.06015625 0.07890625
0 0.371875 0.1875 0.046875 0.06796875