0 0.171875 0.60234375 0.040625 0.0625
0 0.2 0.49296875 0.03828125 0.04921875
0 0.4828125 0.34140625 0.05234375 0.05859375
0 0.61171875 0.43125 0.0484375 0.0578125
0 0.44609375 0.49453125 0.04453125 0.06484375
0 0.3015625 0.6875 0.0609375 0.06484375
0 0.8453125 0.41484375 0.046875 0.0796875
0 0.4921875 0.584375 0.06015625 0.08828125
0 0.7796875 0.69453125 0.05 0.0921875
0 0.68046875 0.7578125 0.0546875 0.07421875
0 0.57578125 0.746875 0.06875 0.05546875
0 0.42109375 0.86640625 0.0453125 0.06015625
0 0.34140625 0.7171875 0.04453125 0.0546875