0 0.2359375 0.84140625 0.0515625 0.0296875
0 0.165625 0.78046875 0.04375 0.034375
0 0.2109375 0.63984375 0.046875 0.028125
0 0.25234375 0.3984375 0.05 0.034375
0 0.1109375 0.21484375 0.040625 0.028125
0 0.20703125 0.225 0.053125 0.03125
0 0.2921875 0.190625 0.04375 0.025
0 0.07578125 0.0359375 0.0375 0.025
0 0.37265625 0.05859375 0.053125 0.0328125
0 0.4828125 0.19453125 0.0421875 0.025
0 0.621875 0.0890625 0.0375 0.025
0 0.43046875 0.96953125 0.046875 0.025
0 0.16796875 0.965625 0.0359375 0.025
0 0.12265625 0.92109375 0.0375 0.025
0 0.3296875 0.82421875 0.046875 0.0296875
0 0.38671875 0.73125 0.05625 0.0484375
0 0.41875 0.66796875 0.040625 0.03125
0 0.36953125 0.63515625 0.034375 0.03125
0 0.4265625 0.6109375 0.04375 0.03125
0 0.31875 0.2359375 0.05 0.03125
0 0.58828125 0.2578125 0.0421875 0.028125
0 0.61171875 0.275 0.04375 0.0296875
0 0.67421875 0.24609375 0.05625 0.034375
0 0.68828125 0.1421875 0.040625 0.021875
0 0.715625 0.425 0.0390625 0.0234375
0 0.596875 0.3453125 0.090625 0.040625
0 0.9234375 0.640625 0.046875 0.025
0 0.94375 0.60234375 0.0421875 0.0234375
0 0.6703125 0.7171875 0.084375 0.040625
0 0.5890625 0.44765625 0.04375 0.028125
0 0.41328125 0.3953125 0.046875 0.040625
0 0.76796875 0.48828125 0.065625 0.028125
0 0.80703125 0.27890625 0.04375 0.0234375
0 0.53125 0.97734375 0.040625 0.0265625
0 0.77265625 0.57890625 0.053125 0.04375
0 0.65390625 0.471875 0.0484375 0.025
0 0.04140625 0.2140625 0.0453125 0.025
0 0.28203125 0.06796875 0.046875 0.028125
0 0.13046875 0.68984375 0.04375 0.034375
0 0.01171875 0.94140625 0.0234375 0.025
0 0.16015625 0.3296875 0.05625 0.0328125
0 0.42578125 0.28828125 0.04375 0.03125
0 0.4953125 0.31015625 0.046875 0.025
0 0.1640625 0.92578125 0.034375 0.025
0 0.10078125 0.9671875 0.0375 0.0265625
0 0.56640625 0.215625 0.040625 0.03125
0 0.55 0.1796875 0.0359375 0.0234375
0 0.63046875 0.19296875 0.04375 0.025
0 0.78125 0.7328125 0.0375 0.021875
0 0.24375 0.17265625 0.0390625 0.025
0 0.1515625 0.37265625 0.0421875 0.0265625
0 0.52421875 0.78125 0.040625 0.025