0 0.321875 0.72734375 0.0640625 0.05625
0 0.1171875 0.7125 0.103125 0.0890625
0 0.12734375 0.8046875 0.059375 0.0953125
0 0.26328125 0.88828125 0.125 0.059375
0 0.7265625 0.69453125 0.09375 0.0625
0 0.7453125 0.44609375 0.065625 0.0640625
0 0.8046875 0.4890625 0.05625 0.05
0 0.909375 0.5234375 0.065625 0.109375
0 0.8109375 0.33125 0.0734375 0.059375
0 0.2140625 0.1234375 0.1375 0.075
0 0.40625 0.15859375 0.0734375 0.053125
0 0.63203125 0.2390625 0.0703125 0.05625
0 0.340625 0.3734375 0.0453125 0.05