0 0.75859375 0.4 0.046875 0.084375
0 0.54765625 0.3453125 0.059375 0.1125
0 0.53671875 0.57421875 0.0515625 0.0921875
0 0.59375 0.56796875 0.05 0.078125
0 0.59296875 0.8390625 0.053125 0.075
0 0.375 0.66796875 0.0390625 0.13125
0 0.3875 0.559375 0.05625 0.090625
0 0.278125 0.25625 0.0609375 0.09375
0 0.30703125 0.4296875 0.08125 0.125
0 0.26015625 0.5828125 0.0984375 0.15625
0 0.43828125 0.6421875 0.053125 0.08125
0 0.43125 0.7515625 0.065625 0.1109375
0 0.3546875 0.92890625 0.0515625 0.0828125
0 0.84765625 0.64921875 0.053125 0.0890625
0 0.796875 0.55078125 0.0421875 0.06875
0 0.81484375 0.096875 0.04375 0.071875
0 0.703125 0.31171875 0.0578125 0.109375
0 0.6 0.2640625 0.046875 0.071875
0 0.275 0.17734375 0.109375 0.071875
0 0.165625 0.51796875 0.05 0.0703125
0 0.1625 0.4296875 0.096875 0.121875
0 0.1 0.5265625 0.04375 0.0625
0 0.4890625 0.91640625 0.0765625 0.0828125
0 0.1625 0.6546875 0.08125 0.1328125