0 0.2 0.25390625 0.075 0.05
0 0.8609375 0.65625 0.015625 0.0453125
0 0.8375 0.5984375 0.01875 0.028125
0 0.79765625 0.61953125 0.01875 0.028125
0 0.7859375 0.59765625 0.01875 0.028125
0 0.7890625 0.7421875 0.015625 0.03125
0 0.79453125 0.76953125 0.015625 0.021875
0 0.76640625 0.76328125 0.01875 0.025
0 0.7375 0.76640625 0.028125 0.021875
0 0.803125 0.53984375 0.015625 0.025
0 0.75703125 0.40859375 0.0265625 0.0265625
0 0.71796875 0.36171875 0.01875 0.034375
0 0.7328125 0.58828125 0.0203125 0.04375
0 0.7125 0.53515625 0.0203125 0.025
0 0.73046875 0.51171875 0.025 0.0421875
0 0.77890625 0.55703125 0.03125 0.040625
0 0.76953125 0.5140625 0.028125 0.03125
0 0.70625 0.4171875 0.040625 0.0484375
0 0.709375 0.45859375 0.03125 0.034375
0 0.73515625 0.4484375 0.021875 0.05625
0 0.63359375 0.41171875 0.0265625 0.0546875
0 0.653125 0.35859375 0.0375 0.0265625
0 0.58125 0.365625 0.0234375 0.0484375
0 0.56328125 0.4359375 0.01875 0.03125
0 0.60859375 0.39453125 0.028125 0.0265625
0 0.615625 0.44140625 0.021875 0.021875
0 0.81484375 0.73828125 0.0140625 0.0296875
0 0.803125 0.71484375 0.015625 0.03125
0 0.74140625 0.5546875 0.0171875 0.03125
0 0.77578125 0.7046875 0.015625 0.04375
0 0.6984375 0.83359375 0.021875 0.015625