0 0.83671875 0.5640625 0.046875 0.0296875
0 0.521875 0.5453125 0.0421875 0.0265625
0 0.721875 0.71328125 0.0375 0.021875
0 0.753125 0.8796875 0.0375 0.025
0 0.71171875 0.9203125 0.046875 0.0234375
0 0.6625 0.93984375 0.040625 0.0234375
0 0.1953125 0.825 0.05 0.025
0 0.10703125 0.7390625 0.0375 0.0203125
0 0.5875 0.4515625 0.08125 0.028125
0 0.18125 0.42734375 0.06875 0.05
0 0.21953125 0.1390625 0.034375 0.021875
0 0.54140625 0.39296875 0.034375 0.021875
0 0.93359375 0.01484375 0.04375 0.025
0 0.3375 0.36640625 0.040625 0.040625
0 0.46171875 0.48515625 0.040625 0.034375
0 0.5109375 0.33515625 0.0375 0.025
0 0.51875 0.640625 0.046875 0.01875
0 0.22265625 0.34453125 0.053125 0.034375
0 0.37109375 0.68828125 0.0484375 0.025
0 0.734375 0.5109375 0.08125 0.0484375
0 0.7359375 0.64765625 0.06875 0.028125
0 0.684375 0.9296875 0.09375 0.05
0 0.54609375 0.2984375 0.0625 0.0359375
0 0.5921875 0.33671875 0.059375 0.028125