0 0.4421875 0.86875 0.075 0.046875
0 0.36171875 0.359375 0.05625 0.03125
0 0.5953125 0.48203125 0.075 0.0515625
0 0.8046875 0.56953125 0.1 0.0625
0 0.75546875 0.325 0.103125 0.0671875
0 0.7 0.02578125 0.084375 0.0515625
0 0.7203125 0.12890625 0.1125 0.046875
0 0.74296875 0.26171875 0.1 0.0609375
0 0.8625 0.25 0.084375 0.05625
0 0.09921875 0.6328125 0.0828125 0.0609375
0 0.453125 0.44609375 0.0515625 0.03125
0 0.865625 0.9265625 0.046875 0.0328125
0 0.80234375 0.8828125 0.053125 0.03125
0 0.59140625 0.5875 0.090625 0.0578125
0 0.71484375 0.7515625 0.0609375 0.034375
0 0.70703125 0.57421875 0.0609375 0.03125
0 0.35234375 0.89765625 0.0640625 0.0375
0 0.78125 0.16796875 0.05625 0.0375