0 0.30390625 0.15703125 0.04375 0.0828125
0 0.4171875 0.38671875 0.0515625 0.05
0 0.4015625 0.4390625 0.053125 0.075
0 0.39609375 0.54296875 0.046875 0.071875
0 0.63359375 0.52578125 0.0484375 0.1015625
0 0.3734375 0.0640625 0.075 0.128125
0 0.45546875 0.08984375 0.0421875 0.084375
0 0.63515625 0.02890625 0.040625 0.05625
0 0.80625 0.27109375 0.0390625 0.09375
0 0.5453125 0.72265625 0.046875 0.084375
0 0.5125 0.484375 0.071875 0.096875
0 0.47109375 0.31796875 0.065625 0.190625
0 0.4140625 0.2109375 0.040625 0.065625
0 0.37265625 0.23984375 0.04375 0.0703125
0 0.28046875 0.35703125 0.053125 0.09375
0 0.53515625 0.30390625 0.034375 0.059375
0 0.4421875 0.68515625 0.04375 0.146875
0 0.74921875 0.45390625 0.04375 0.05625