0 0.3609375 0.8 0.059375 0.0421875
0 0.4875 0.8546875 0.059375 0.0390625
0 0.40546875 0.65390625 0.06875 0.046875
0 0.4296875 0.5453125 0.06875 0.046875
0 0.05078125 0.53984375 0.0546875 0.0375
0 0.14140625 0.82421875 0.05 0.0296875
0 0.3265625 0.67890625 0.0625 0.0453125
0 0.44296875 0.740625 0.0453125 0.040625
0 0.44765625 0.7984375 0.0515625 0.0359375
0 0.52421875 0.603125 0.065625 0.04375
0 0.5421875 0.6796875 0.06875 0.046875
0 0.22265625 0.62734375 0.05 0.034375
0 0.14921875 0.503125 0.0609375 0.05625