0 0.5640625 0.16328125 0.0296875 0.04765625
0 0.5453125 0.478125 0.0265625 0.0421875
0 0.71328125 0.278125 0.02265625 0.0375
0 0.8796875 0.246875 0.02421875 0.03828125
0 0.9203125 0.28828125 0.0234375 0.04765625
0 0.93984375 0.3375 0.0234375 0.040625
0 0.825 0.8046875 0.02578125 0.04921875
0 0.7390625 0.89296875 0.0203125 0.0375
0 0.4515625 0.4125 0.02890625 0.08203125
0 0.42734375 0.81875 0.05 0.06796875
0 0.1390625 0.78046875 0.02109375 0.03359375
0 0.39296875 0.45859375 0.02265625 0.03359375
0 0.01484375 0.06640625 0.02578125 0.04453125
0 0.36640625 0.6625 0.03984375 0.03984375
0 0.48515625 0.53828125 0.03515625 0.04140625
0 0.33515625 0.4890625 0.02578125 0.03671875
0 0.640625 0.48125 0.01875 0.04609375
0 0.34453125 0.77734375 0.034375 0.05234375
0 0.68828125 0.62890625 0.02578125 0.0484375
0 0.5109375 0.265625 0.0484375 0.08203125
0 0.64765625 0.2640625 0.028125 0.06953125
0 0.9296875 0.315625 0.04921875 0.09453125
0 0.2984375 0.45390625 0.0359375 0.06171875
0 0.33671875 0.4078125 0.02734375 0.059375