0 0.47109375 0.659375 0.096875 0.08125
0 0.38671875 0.3265625 0.096875 0.0734375
0 0.34453125 0.4953125 0.1453125 0.103125
0 0.5359375 0.4859375 0.06875 0.078125
0 0.69140625 0.4671875 0.146875 0.1
0 0.72421875 0.61640625 0.084375 0.0625
0 0.68984375 0.725 0.10625 0.09375
0 0.84921875 0.54453125 0.0796875 0.059375
0 0.85078125 0.465625 0.0734375 0.096875
0 0.6734375 0.26953125 0.1015625 0.0984375
0 0.39609375 0.209375 0.1125 0.06875
0 0.53046875 0.73203125 0.1796875 0.1
0 0.03828125 0.275 0.0765625 0.0875
0 0.28984375 0.23828125 0.071875 0.05
0 0.7734375 0.27734375 0.053125 0.0484375
0 0.88125 0.17890625 0.08125 0.0640625
0 0.40625 0.5796875 0.1046875 0.071875