0 0.27265625 0.321875 0.05625 0.0640625
0 0.2875 0.1171875 0.0890625 0.103125
0 0.1953125 0.12734375 0.0953125 0.05859375
0 0.11171875 0.26328125 0.05859375 0.125
0 0.30546875 0.7265625 0.06171875 0.09375
0 0.55390625 0.7453125 0.0640625 0.06640625
0 0.5109375 0.8046875 0.05 0.05703125
0 0.4765625 0.909375 0.10859375 0.06484375
0 0.66875 0.8109375 0.06015625 0.0734375
0 0.8765625 0.2140625 0.07578125 0.13828125
0 0.84140625 0.40625 0.05234375 0.0734375
0 0.7609375 0.63203125 0.05703125 0.0703125
0 0.6265625 0.340625 0.05 0.0453125