0 0.52890625 0.340625 0.096875 0.08125
0 0.61328125 0.6734375 0.096875 0.0734375
0 0.65546875 0.5046875 0.1453125 0.103125
0 0.4640625 0.5140625 0.06875 0.078125
0 0.30859375 0.5328125 0.146875 0.1
0 0.27578125 0.38359375 0.084375 0.0625
0 0.31015625 0.275 0.10625 0.09375
0 0.15078125 0.45546875 0.0796875 0.059375
0 0.14921875 0.534375 0.0734375 0.096875
0 0.3265625 0.73046875 0.1015625 0.0984375
0 0.60390625 0.790625 0.1125 0.06875
0 0.46953125 0.26796875 0.1796875 0.1
0 0.96171875 0.725 0.0765625 0.0875
0 0.71015625 0.76171875 0.071875 0.05
0 0.2265625 0.72265625 0.053125 0.0484375
0 0.11875 0.82109375 0.08125 0.0640625
0 0.59375 0.4203125 0.1046875 0.071875