0 0.2859375 0.2546875 0.06796875 0.071875
0 0.29296875 0.35703125 0.0546875 0.08828125
0 0.35234375 0.33828125 0.06640625 0.07421875
0 0.31328125 0.47109375 0.046875 0.071875
0 0.32734375 0.54453125 0.05234375 0.07421875
0 0.18515625 0.4171875 0.0484375 0.07578125
0 0.3625 0.86875 0.053125 0.07421875
0 0.72578125 0.61640625 0.0671875 0.13515625
0 0.79296875 0.37421875 0.05234375 0.10859375
0 0.7484375 0.41640625 0.05390625 0.07109375
0 0.671875 0.3125 0.0453125 0.09296875
0 0.44921875 0.471875 0.06640625 0.153125
0 0.52734375 0.353125 0.06953125 0.1015625
0 0.584375 0.5984375 0.0765625 0.103125
0 0.6328125 0.65859375 0.0453125 0.071875
0 0.5390625 0.76953125 0.03828125 0.08515625
0 0.85546875 0.67734375 0.059375 0.134375
0 0.47890625 0.79375 0.04296875 0.0796875
0 0.61015625 0.87734375 0.05390625 0.09609375
0 0.64609375 0.7515625 0.034375 0.078125
0 0.68359375 0.56328125 0.04765625 0.0765625
0 0.69765625 0.48125 0.05234375 0.059375
0 0.75234375 0.49765625 0.05859375 0.0609375
0 0.61875 0.36171875 0.0515625 0.0625
0 0.62890625 0.25625 0.03515625 0.053125
0 0.52734375 0.54140625 0.0609375 0.0859375
0 0.47734375 0.7140625 0.09375 0.065625
0 0.375 0.478125 0.06875 0.13828125
0 0.4 0.3859375 0.03984375 0.0734375
0 0.221875 0.29609375 0.08671875 0.15