0 0.41875 0.3015625 0.1171875 0.08125
0 0.74140625 0.65390625 0.0890625 0.078125
0 0.2375 0.66953125 0.10625 0.08125
0 0.19296875 0.56171875 0.090625 0.0984375
0 0.40078125 0.6 0.078125 0.06875
0 0.12578125 0.4359375 0.08125 0.06875
0 0.40546875 0.13671875 0.0859375 0.059375
0 0.94609375 0.51640625 0.065625 0.071875
0 0.246875 0.78359375 0.075 0.05
0 0.15 0.3421875 0.06875 0.059375
0 0.121875 0.91953125 0.0671875 0.0484375
0 0.45546875 0.73046875 0.065625 0.06875
0 0.71484375 0.3328125 0.0625 0.046875