0 0.503125 0.196875 0.06875 0.05
0 0.3640625 0.20078125 0.05 0.0375
0 0.38984375 0.240625 0.16875 0.0515625
0 0.27109375 0.2828125 0.075 0.04375
0 0.37421875 0.3625 0.0875 0.059375
0 0.3734375 0.62890625 0.0765625 0.0375
0 0.36328125 0.67578125 0.065625 0.0421875
0 0.44609375 0.7828125 0.059375 0.034375
0 0.5390625 0.7609375 0.0703125 0.03125
0 0.59765625 0.7 0.08125 0.0421875
0 0.3296875 0.765625 0.0625 0.034375
0 0.22734375 0.71640625 0.0828125 0.05
0 0.2796875 0.6328125 0.0625 0.03125
0 0.28359375 0.5515625 0.06875 0.034375
0 0.1828125 0.32265625 0.1125 0.05625
0 0.25234375 0.79140625 0.046875 0.03125
0 0.22421875 0.65546875 0.046875 0.03125