0 0.31796875 0.5828125 0.06640625 0.08125
0 0.2984375 0.80859375 0.07578125 0.0796875
0 0.38984375 0.9640625 0.06484375 0.071875
0 0.46328125 0.95703125 0.053125 0.0859375
0 0.3515625 0.21640625 0.08359375 0.14921875
0 0.7 0.4296875 0.059375 0.0875
0 0.46328125 0.4796875 0.05703125 0.06875
0 0.56171875 0.453125 0.05546875 0.0734375
0 0.38359375 0.440625 0.0609375 0.0734375
0 0.51171875 0.36953125 0.05 0.0828125
0 0.6265625 0.1515625 0.1078125 0.25859375
0 0.46484375 0.19765625 0.071875 0.0921875
0 0.53359375 0.196875 0.06015625 0.0890625
0 0.54296875 0.73203125 0.05390625 0.0578125
0 0.2125 0.28671875 0.04296875 0.06875
0 0.29453125 0.34140625 0.0546875 0.07109375
0 0.359375 0.35625 0.065625 0.09140625
0 0.33671875 0.50625 0.053125 0.0640625