0 0.440625 0.571875 0.0390625 0.07265625
0 0.53203125 0.76640625 0.04453125 0.06796875
0 0.659375 0.62421875 0.040625 0.07578125
0 0.63203125 0.5671875 0.03515625 0.08203125
0 0.5921875 0.5640625 0.040625 0.07109375
0 0.5765625 0.4125 0.0296875 0.06015625
0 0.63515625 0.340625 0.0375 0.06796875
0 0.70546875 0.31953125 0.03984375 0.0765625
0 0.7125 0.24765625 0.034375 0.07265625
0 0.78671875 0.4734375 0.03203125 0.06953125
0 0.67109375 0.41796875 0.0390625 0.07421875
0 0.6984375 0.49453125 0.02890625 0.0515625
0 0.69609375 0.575 0.03203125 0.05703125
0 0.51640625 0.1671875 0.03125 0.059375
0 0.5734375 0.07109375 0.04609375 0.06328125
0 0.4875 0.49140625 0.03359375 0.05546875
0 0.55546875 0.64609375 0.0328125 0.06953125
0 0.55625 0.86953125 0.0375 0.0578125