0 0.1828125 0.38359375 0.06875 0.08125
0 0.25390625 0.49453125 0.0703125 0.078125
0 0.0171875 0.29765625 0.034375 0.1078125
0 0.62578125 0.51015625 0.0484375 0.0671875
0 0.715625 0.553125 0.053125 0.0890625
0 0.7609375 0.61796875 0.05625 0.059375
0 0.74375 0.68984375 0.071875 0.0796875
0 0.64375 0.67890625 0.075 0.096875
0 0.55546875 0.55625 0.08125 0.0828125
0 0.7328125 0.396875 0.06875 0.078125
0 0.81328125 0.3703125 0.04375 0.0671875
0 0.81953125 0.5453125 0.0671875 0.0796875
0 0.94375 0.08046875 0.040625 0.059375
0 0.33515625 0.44375 0.071875 0.103125
0 0.51484375 0.48671875 0.0609375 0.0859375
0 0.7359375 0.18828125 0.0484375 0.059375