0 0.13984375 0.4921875 0.034375 0.06171875
0 0.48828125 0.82265625 0.06875 0.13671875
0 0.846875 0.3125 0.04375 0.07734375
0 0.365625 0.21796875 0.034375 0.0609375
0 0.42265625 0.1984375 0.065625 0.09375
0 0.3796875 0.6140625 0.0625 0.109375
0 0.41484375 0.46640625 0.04140625 0.07109375
0 0.478125 0.43125 0.0609375 0.1078125
0 0.4734375 0.55703125 0.04765625 0.06796875
0 0.55625 0.89375 0.0328125 0.0546875
0 0.725 0.84921875 0.053125 0.1078125
0 0.84140625 0.90625 0.0296875 0.06796875
0 0.9046875 0.90390625 0.053125 0.10859375
0 0.20546875 0.76015625 0.0640625 0.14296875
0 0.546875 0.41640625 0.0296875 0.05390625
0 0.5171875 0.4140625 0.02890625 0.0515625
0 0.9328125 0.58515625 0.02265625 0.0421875