0 0.2890625 0.1578125 0.04375 0.0609375
0 0.28671875 0.24140625 0.03125 0.08125
0 0.48359375 0.175 0.04375 0.07578125
0 0.31796875 0.54921875 0.04609375 0.0734375
0 0.38515625 0.46796875 0.04609375 0.084375
0 0.66015625 0.33671875 0.0375 0.11171875
0 0.6546875 0.4734375 0.0390625 0.078125
0 0.70234375 0.67578125 0.04375 0.09375
0 0.85703125 0.7765625 0.03984375 0.0859375
0 0.68203125 0.84765625 0.04765625 0.05546875
0 0.42890625 0.765625 0.040625 0.0609375
0 0.4671875 0.70546875 0.03828125 0.06796875
0 0.41015625 0.80703125 0.0390625 0.05859375
0 0.26171875 0.78125 0.03203125 0.0609375
0 0.3140625 0.28828125 0.02734375 0.06640625
0 0.91015625 0.5625 0.03515625 0.0671875
0 0.7609375 0.69453125 0.04296875 0.10078125