0 0.36171875 0.3375 0.0765625 0.053125
0 0.240625 0.521875 0.075 0.0578125
0 0.22578125 0.7078125 0.053125 0.05
0 0.540625 0.6859375 0.0703125 0.0421875
0 0.7328125 0.74140625 0.059375 0.040625
0 0.64765625 0.303125 0.053125 0.03125
0 0.7171875 0.13046875 0.05625 0.0515625
0 0.67734375 0.24140625 0.0875 0.059375
0 0.48515625 0.61953125 0.05 0.0390625
0 0.7140625 0.57578125 0.0515625 0.0359375
0 0.7796875 0.3203125 0.046875 0.0421875
0 0.4734375 0.35234375 0.075 0.04375
0 0.2953125 0.715625 0.0625 0.03125