0 0.4046875 0.1171875 0.04609375 0.05234375
0 0.53828125 0.14296875 0.05078125 0.05703125
0 0.3421875 0.353125 0.053125 0.059375
0 0.415625 0.3515625 0.06484375 0.059375
0 0.44765625 0.3203125 0.04296875 0.05390625
0 0.49765625 0.35390625 0.05234375 0.08125
0 0.41171875 0.42578125 0.03984375 0.0671875
0 0.62890625 0.3625 0.071875 0.084375
0 0.81796875 0.51171875 0.06171875 0.09140625
0 0.859375 0.6375 0.0375 0.04609375
0 0.69765625 0.6015625 0.0734375 0.096875
0 0.39375 0.6109375 0.0828125 0.0640625
0 0.3015625 0.6828125 0.05078125 0.04609375
0 0.2640625 0.575 0.0640625 0.0703125
0 0.490625 0.43359375 0.08125 0.05859375
0 0.88828125 0.84921875 0.0734375 0.0359375
0 0.9640625 0.9 0.0703125 0.0578125
0 0.97734375 0.6703125 0.0453125 0.05625
0 0.72890625 0.76796875 0.10703125 0.05546875
0 0.4265625 0.81796875 0.0703125 0.053125
0 0.5609375 0.75390625 0.05234375 0.04375
0 0.41171875 0.55234375 0.05703125 0.0375
0 0.12265625 0.525 0.04765625 0.05
0 0.20390625 0.73359375 0.04609375 0.053125
0 0.26640625 0.765625 0.046875 0.04765625
0 0.22421875 0.7921875 0.0515625 0.0546875
0 0.3015625 0.8140625 0.05234375 0.04375
0 0.771875 0.1875 0.040625 0.04921875
0 0.21640625 0.51328125 0.0375 0.0421875
0 0.82734375 0.38671875 0.05 0.04375
0 0.771875 0.8546875 0.0734375 0.04375
0 0.4515625 0.9125 0.071875 0.04453125
0 0.5625 0.84296875 0.07265625 0.08046875
0 0.67890625 0.6984375 0.10859375 0.06875
0 0.8 0.703125 0.10390625 0.075
0 0.13359375 0.765625 0.05234375 0.05703125
0 0.021875 0.64921875 0.04375 0.06171875
0 0.21328125 0.63203125 0.07421875 0.08515625