0 0.64140625 0.29453125 0.05546875 0.0578125
0 0.5546875 0.46171875 0.08203125 0.084375
0 0.38125 0.43984375 0.05703125 0.0546875
0 0.5578125 0.13828125 0.04921875 0.05234375
0 0.6265625 0.10625 0.0453125 0.05234375
0 0.86328125 0.265625 0.05859375 0.11015625
0 0.875 0.43984375 0.05546875 0.0484375
0 0.1609375 0.771875 0.04375 0.03828125
0 0.14453125 0.859375 0.0390625 0.0359375
0 0.3375 0.79921875 0.04140625 0.03828125
0 0.45546875 0.85546875 0.08828125 0.07734375
0 0.22265625 0.86953125 0.06171875 0.053125
0 0.525 0.66484375 0.065625 0.0625
0 0.58359375 0.634375 0.0484375 0.04453125
0 0.315625 0.19609375 0.05234375 0.06171875
0 0.225 0.15703125 0.0484375 0.06171875
0 0.45078125 0.12890625 0.05 0.05390625
0 0.40234375 0.13359375 0.0421875 0.0578125
0 0.4515625 0.18828125 0.0421875 0.04921875
0 0.78125 0.090625 0.04609375 0.04609375
0 0.62265625 0.38984375 0.04140625 0.04609375
0 0.771875 0.3671875 0.04765625 0.06328125
0 0.796875 0.46484375 0.0421875 0.0671875
0 0.4296875 0.1578125 0.11328125 0.13125
0 0.63984375 0.278125 0.121875 0.1234375
0 0.67890625 0.71640625 0.13515625 0.09609375