0 0.70625 0.1265625 0.084375 0.059375
0 0.6484375 0.04140625 0.065625 0.04375
0 0.45390625 0.09609375 0.1125 0.05625
0 0.278125 0.2109375 0.134375 0.059375
0 0.2171875 0.37890625 0.05625 0.046875
0 0.4140625 0.4453125 0.06875 0.053125
0 0.675 0.82421875 0.06875 0.0609375
0 0.534375 0.75703125 0.0625 0.05
0 0.359375 0.775 0.075 0.0421875
0 0.24609375 0.815625 0.071875 0.046875
0 0.3859375 0.54453125 0.146875 0.1125
0 0.30234375 0.60078125 0.08125 0.053125
0 0.465625 0.84453125 0.046875 0.025
0 0.47109375 0.884375 0.040625 0.03125