0 0.63125 0.115625 0.040625 0.05
0 0.5765625 0.0203125 0.04375 0.040625
0 0.27578125 0.03671875 0.040625 0.046875
0 0.23828125 0.1984375 0.053125 0.078125
0 0.0640625 0.5265625 0.053125 0.075
0 0.10078125 0.6984375 0.0703125 0.08125
0 0.178125 0.65859375 0.0375 0.05
0 0.4171875 0.73984375 0.0453125 0.0515625
0 0.54375 0.83359375 0.03125 0.0515625
0 0.4703125 0.7 0.0375 0.0609375
0 0.5671875 0.5578125 0.034375 0.0484375
0 0.5390625 0.3765625 0.0875 0.125
0 0.58671875 0.2203125 0.0625 0.06875
0 0.36171875 0.2578125 0.034375 0.084375
0 0.27890625 0.3921875 0.053125 0.10625
0 0.22578125 0.46875 0.065625 0.08125
0 0.3828125 0.621875 0.0359375 0.05625
0 0.234375 0.56640625 0.05625 0.096875
0 0.41875 0.21171875 0.04375 0.059375
0 0.39375 0.2640625 0.028125 0.0421875
0 0.44296875 0.2828125 0.053125 0.0640625
0 0.43671875 0.35234375 0.05 0.0640625
0 0.490625 0.58359375 0.0390625 0.0609375
0 0.33671875 0.41953125 0.0375 0.0625
0 0.33203125 0.48046875 0.040625 0.0609375
0 0.359375 0.53359375 0.0625 0.05625
0 0.45703125 0.79765625 0.040625 0.04375
0 0.4546875 0.41796875 0.03125 0.046875
0 0.4828125 0.49765625 0.034375 0.065625
0 0.43515625 0.07890625 0.046875 0.040625