0 0.3328125 0.36640625 0.034375 0.059375
0 0.61796875 0.56328125 0.0359375 0.04375
0 0.63125 0.62890625 0.0328125 0.0671875
0 0.54140625 0.753125 0.028125 0.04375
0 0.60625 0.72890625 0.040625 0.071875
0 0.678125 0.7296875 0.03125 0.0609375
0 0.82265625 0.5734375 0.040625 0.059375
0 0.56796875 0.36640625 0.04375 0.06875
0 0.30625 0.05703125 0.034375 0.059375
0 0.32421875 0.065625 0.0609375 0.0640625
0 0.065625 0.41015625 0.03125 0.1125
0 0.15 0.690625 0.0296875 0.046875
0 0.30703125 0.8921875 0.0265625 0.0359375
0 0.409375 0.9609375 0.03125 0.04375
0 0.7328125 0.7078125 0.040625 0.0609375
0 0.75546875 0.6296875 0.0265625 0.0421875
0 0.30703125 0.69609375 0.034375 0.046875