0 0.27890625 0.7765625 0.0625 0.0671875
0 0.42734375 0.70078125 0.046875 0.0390625
0 0.6921875 0.646875 0.06875 0.05
0 0.7890625 0.61484375 0.08125 0.0578125
0 0.7203125 0.53984375 0.084375 0.0640625
0 0.54921875 0.5890625 0.075 0.0515625
0 0.5796875 0.7125 0.059375 0.040625
0 0.26796875 0.525 0.059375 0.046875
0 0.29921875 0.47890625 0.0890625 0.046875
0 0.38984375 0.50625 0.06875 0.0625
0 0.3765625 0.78359375 0.09375 0.0890625
0 0.203125 0.6484375 0.0453125 0.03125
0 0.5078125 0.64453125 0.046875 0.0375
0 0.51640625 0.7578125 0.06875 0.065625
0 0.4578125 0.528125 0.0609375 0.0671875
0 0.60078125 0.16484375 0.103125 0.0578125
0 0.603125 0.3953125 0.08125 0.05625
0 0.6890625 0.3921875 0.065625 0.0546875
0 0.31484375 0.346875 0.065625 0.053125
0 0.175 0.46328125 0.153125 0.0796875
0 0.3765625 0.37421875 0.04375 0.0421875