0 0.0828125 0.62578125 0.09140625 0.10703125
0 0.1421875 0.27578125 0.06171875 0.075
0 0.13828125 0.38359375 0.07734375 0.07578125
0 0.26875 0.49296875 0.07265625 0.09453125
0 0.4671875 0.63984375 0.0671875 0.09296875
0 0.5546875 0.7859375 0.07734375 0.0859375
0 0.66796875 0.459375 0.08046875 0.1375
0 0.8078125 0.48046875 0.05078125 0.06640625
0 0.80703125 0.6078125 0.0890625 0.115625
0 0.609375 0.64453125 0.05234375 0.06328125
0 0.45390625 0.38671875 0.08125 0.1234375
0 0.3828125 0.8109375 0.096875 0.0875
0 0.015625 0.475 0.03046875 0.0765625