0 0.34921875 0.7875 0.05078125 0.103125
0 0.3140625 0.4359375 0.03359375 0.05859375
0 0.3515625 0.52421875 0.04609375 0.08828125
0 0.42265625 0.57734375 0.0359375 0.07265625
0 0.44921875 0.65 0.05 0.09140625
0 0.671875 0.72578125 0.06796875 0.16875
0 0.58203125 0.828125 0.04375 0.12578125
0 0.63671875 0.4578125 0.03671875 0.0828125
0 0.54296875 0.38359375 0.0609375 0.06640625
0 0.46015625 0.5125 0.03515625 0.06015625
0 0.47265625 0.78125 0.0328125 0.06171875
0 0.54375 0.446875 0.03828125 0.05
0 0.5828125 0.58359375 0.0515625 0.11875
0 0.625 0.575 0.02578125 0.0640625