0 0.340625 0.47109375 0.08046875 0.096875
0 0.6734375 0.38671875 0.0734375 0.09765625
0 0.5046875 0.34453125 0.10234375 0.1453125
0 0.5140625 0.5359375 0.078125 0.06796875
0 0.5328125 0.69140625 0.10078125 0.14765625
0 0.38359375 0.72421875 0.0625 0.08359375
0 0.275 0.68984375 0.09375 0.10546875
0 0.45546875 0.84921875 0.05859375 0.0796875
0 0.534375 0.85078125 0.09609375 0.0734375
0 0.73046875 0.6734375 0.0984375 0.1015625
0 0.790625 0.39609375 0.06953125 0.11328125
0 0.26796875 0.53046875 0.1 0.1796875
0 0.725 0.03828125 0.0875 0.0765625
0 0.76171875 0.28984375 0.04921875 0.07109375
0 0.72265625 0.7734375 0.0484375 0.05390625
0 0.82109375 0.88125 0.0640625 0.08046875
0 0.4203125 0.40625 0.07109375 0.1046875