0 0.2546875 0.7140625 0.071875 0.06875
0 0.35703125 0.70703125 0.0875 0.0546875
0 0.33828125 0.64765625 0.075 0.065625
0 0.47109375 0.68671875 0.071875 0.046875
0 0.54453125 0.67265625 0.075 0.053125
0 0.4171875 0.81484375 0.075 0.0484375
0 0.86875 0.6375 0.075 0.053125
0 0.61640625 0.27421875 0.134375 0.0671875
0 0.37421875 0.20703125 0.109375 0.053125
0 0.41640625 0.2515625 0.071875 0.053125
0 0.3125 0.328125 0.09375 0.0453125
0 0.471875 0.55078125 0.153125 0.065625
0 0.353125 0.47265625 0.1015625 0.06875
0 0.5984375 0.415625 0.103125 0.0765625
0 0.65859375 0.3671875 0.071875 0.0453125
0 0.76953125 0.4609375 0.084375 0.0375
0 0.67734375 0.14453125 0.134375 0.059375
0 0.79375 0.52109375 0.0796875 0.04375
0 0.87734375 0.38984375 0.096875 0.053125
0 0.7515625 0.35390625 0.078125 0.034375
0 0.56328125 0.31640625 0.0765625 0.046875
0 0.48125 0.30234375 0.059375 0.053125
0 0.49765625 0.24765625 0.0609375 0.059375
0 0.36171875 0.38125 0.0625 0.0515625
0 0.25625 0.37109375 0.053125 0.034375
0 0.54140625 0.47265625 0.0859375 0.0609375
0 0.7140625 0.52265625 0.065625 0.09375
0 0.478125 0.625 0.1375 0.06875
0 0.3859375 0.6 0.0734375 0.040625
0 0.29609375 0.778125 0.15 0.0875