0 0.92265625 0.3234375 0.0484375 0.028125
0 0.98828125 0.18125 0.0234375 0.03125
0 0.58671875 0.240625 0.05 0.0359375
0 0.11171875 0.48046875 0.1 0.0453125
0 0.42109375 0.58671875 0.053125 0.03125
0 0.3671875 0.58671875 0.046875 0.025
0 0.39765625 0.51328125 0.05625 0.034375
0 0.49375 0.51484375 0.046875 0.03125
0 0.5671875 0.62734375 0.05625 0.0296875
0 0.69296875 0.48984375 0.103125 0.05625
0 0.66953125 0.4203125 0.046875 0.0359375
0 0.39296875 0.2984375 0.103125 0.040625
0 0.2796875 0.409375 0.053125 0.028125
0 0.34296875 0.46796875 0.05 0.0234375
0 0.2453125 0.48984375 0.053125 0.0375
0 0.82578125 0.375 0.0484375 0.0359375