0 0.3140625 0.53125 0.0328125 0.06015625
0 0.346875 0.6171875 0.03125 0.075
0 0.509375 0.615625 0.0265625 0.04140625
0 0.77578125 0.29453125 0.0375 0.15703125
0 0.196875 0.3421875 0.03359375 0.10078125
0 0.17734375 0.184375 0.05859375 0.16015625
0 0.2640625 0.359375 0.03046875 0.06015625
0 0.22421875 0.27265625 0.02578125 0.0375
0 0.22421875 0.45625 0.03203125 0.1
0 0.48515625 0.328125 0.0234375 0.04921875
0 0.596875 0.5125 0.0265625 0.04609375
0 0.446875 0.6296875 0.03984375 0.03671875
0 0.4796875 0.67734375 0.0296875 0.04765625
0 0.7234375 0.36953125 0.0328125 0.06015625