0 0.18125 0.434375 0.03203125 0.09140625
0 0.22265625 0.4421875 0.03671875 0.0890625
0 0.75234375 0.37890625 0.065625 0.1265625
0 0.7109375 0.68828125 0.03046875 0.0828125
0 0.7546875 0.68359375 0.03515625 0.08046875
0 0.56953125 0.8265625 0.03515625 0.07890625
0 0.26953125 0.8453125 0.04140625 0.0875
0 0.30390625 0.9328125 0.03515625 0.06875
0 0.678125 0.9609375 0.0484375 0.078125
0 0.64453125 0.8328125 0.05 0.0765625
0 0.79296875 0.28984375 0.03359375 0.08515625
0 0.84921875 0.13046875 0.04609375 0.10390625