0 0.36875 0.378125 0.046875 0.0625
0 0.2953125 0.4390625 0.04375 0.05625
0 0.5234375 0.30078125 0.0453125 0.06875
0 0.61640625 0.278125 0.0625 0.09375
0 0.47109375 0.4171875 0.0359375 0.046875
0 0.59296875 0.46484375 0.028125 0.059375
0 0.60859375 0.82890625 0.03125 0.046875
0 0.575 0.88671875 0.034375 0.05625
0 0.56328125 0.93125 0.0375 0.0390625
0 0.59296875 0.56953125 0.03125 0.053125
0 0.5609375 0.59921875 0.0375 0.0640625
0 0.64296875 0.35859375 0.0578125 0.0765625
0 0.203125 0.046875 0.03125 0.09375
0 0.26953125 0.19921875 0.03125 0.05625
0 0.128125 0.5609375 0.0375 0.0796875
0 0.38125 0.16875 0.03125 0.05625
0 0.678125 0.171875 0.03125 0.0515625
0 0.4859375 0.66171875 0.0375 0.04375
0 0.3390625 0.559375 0.0296875 0.046875
0 0.65703125 0.43046875 0.040625 0.05625
0 0.553125 0.7671875 0.053125 0.05