0 0.03515625 0.36953125 0.0703125 0.1125
0 0.38828125 0.04296875 0.04296875 0.05625
0 0.41015625 0.1015625 0.03984375 0.04921875
0 0.76015625 0.346875 0.05703125 0.078125
0 0.57890625 0.53515625 0.0984375 0.08203125
0 0.6078125 0.509375 0.175 0.175
0 0.8046875 0.4359375 0.04609375 0.06015625
0 0.72421875 0.7140625 0.0609375 0.08046875
0 0.37109375 0.671875 0.06953125 0.075
0 0.1546875 0.48046875 0.115625 0.13515625
0 0.31953125 0.5328125 0.06328125 0.09453125
0 0.73359375 0.11328125 0.13984375 0.13125
0 0.5765625 0.10859375 0.1375 0.2171875
0 0.42109375 0.81328125 0.10859375 0.16796875
0 0.80859375 0.60625 0.05390625 0.0953125
0 0.81484375 0.71015625 0.07890625 0.0859375
0 0.9046875 0.44140625 0.0546875 0.08046875