0 0.2984375 0.74765625 0.05546875 0.10234375
0 0.7 0.8390625 0.1453125 0.14296875
0 0.7796875 0.6375 0.0984375 0.2171875
0 0.81484375 0.4375 0.0890625 0.125
0 0.39921875 0.046875 0.0703125 0.09375
0 0.434375 0.21484375 0.1203125 0.1265625
0 0.68984375 0.39140625 0.0796875 0.15078125
0 0.49375 0.7390625 0.10546875 0.140625
0 0.575 0.85859375 0.05703125 0.10234375
0 0.53125 0.5796875 0.08515625 0.10078125
0 0.6078125 0.56640625 0.07734375 0.26015625
0 0.3765625 0.8125 0.1 0.22578125
0 0.46171875 0.909375 0.08828125 0.1375
0 0.70390625 0.5296875 0.065625 0.1125