0 0.8453125 0.17890625 0.06875 0.0390625
0 0.93671875 0.31015625 0.0546875 0.0375
0 0.928125 0.8796875 0.071875 0.0328125
0 0.715625 0.5578125 0.065625 0.034375
0 0.2640625 0.46875 0.053125 0.0390625
0 0.36640625 0.51640625 0.0828125 0.0375
0 0.20078125 0.64140625 0.0625 0.0375
0 0.3859375 0.76875 0.05625 0.0359375
0 0.08046875 0.7171875 0.05625 0.04375
0 0.05859375 0.61796875 0.040625 0.0484375
0 0.10078125 0.54140625 0.0484375 0.0375
0 0.23828125 0.57578125 0.078125 0.034375
0 0.590625 0.55390625 0.0625 0.0546875
0 0.14921875 0.4140625 0.04375 0.03125