0 0.5484375 0.815625 0.08125 0.071875
0 0.3625 0.55625 0.0859375 0.0640625
0 0.4546875 0.553125 0.05625 0.0375
0 0.634375 0.3765625 0.0546875 0.04375
0 0.78359375 0.51796875 0.0515625 0.046875
0 0.65234375 0.7890625 0.0578125 0.0390625
0 0.721875 0.7984375 0.0484375 0.034375
0 0.65234375 0.71875 0.0578125 0.046875
0 0.65234375 0.57734375 0.046875 0.0546875
0 0.40078125 0.6609375 0.071875 0.059375
0 0.33359375 0.63046875 0.059375 0.0453125
0 0.29453125 0.503125 0.0609375 0.0453125
0 0.36171875 0.4640625 0.08125 0.065625
0 0.52421875 0.41171875 0.0625 0.059375
0 0.515625 0.546875 0.04375 0.0328125
0 0.54140625 0.50703125 0.103125 0.04375
0 0.6453125 0.49453125 0.08125 0.05625
0 0.6203125 0.31484375 0.04375 0.0359375
0 0.69140625 0.4296875 0.065625 0.034375
0 0.7171875 0.39765625 0.0578125 0.04375
0 0.85390625 0.4015625 0.046875 0.05625
0 0.77734375 0.375 0.040625 0.0296875
0 0.25 0.45859375 0.05 0.0375
0 0.38515625 0.27578125 0.071875 0.0375
0 0.68671875 0.221875 0.046875 0.0265625
0 0.64453125 0.26875 0.06875 0.03125
0 0.33203125 0.98359375 0.05625 0.03125
0 0.440625 0.98046875 0.0625 0.0390625
0 0.559375 0.98046875 0.075 0.0359375
0 0.64140625 0.925 0.078125 0.0484375
0 0.55 0.91484375 0.05 0.0375
0 0.77109375 0.29296875 0.0546875 0.040625