0 0.11875 0.51171875 0.040625 0.06015625
0 0.50546875 0.3328125 0.04375 0.05390625
0 0.31328125 0.13828125 0.03046875 0.04921875
0 0.3515625 0.96875 0.0328125 0.04453125
0 0.471875 0.73125 0.02578125 0.0359375
0 0.56015625 0.62890625 0.0375 0.04296875
0 0.59765625 0.64140625 0.028125 0.040625
0 0.6859375 0.72265625 0.03828125 0.0515625
0 0.871875 0.08125 0.03046875 0.04609375
0 0.53671875 0.253125 0.04921875 0.05703125
0 0.465625 0.63984375 0.02890625 0.06796875
0 0.39453125 0.8203125 0.0296875 0.04453125
0 0.74375 0.94765625 0.046875 0.034375