0 0.88984375 0.290625 0.075 0.0953125
0 0.86015625 0.56875 0.05 0.075
0 0.75234375 0.4984375 0.046875 0.065625
0 0.75859375 0.22734375 0.071875 0.0875
0 0.76796875 0.3546875 0.046875 0.046875
0 0.7359375 0.3859375 0.040625 0.0515625
0 0.7546875 0.296875 0.0640625 0.0625
0 0.6546875 0.39609375 0.05625 0.065625
0 0.65078125 0.55 0.065625 0.0640625
0 0.57109375 0.6921875 0.05 0.053125
0 0.6296875 0.72421875 0.059375 0.059375
0 0.5171875 0.75 0.04375 0.04375
0 0.53046875 0.23046875 0.046875 0.059375
0 0.5375 0.303125 0.040625 0.0484375
0 0.48515625 0.34296875 0.05 0.0625
0 0.48046875 0.40859375 0.034375 0.04375
0 0.5375 0.4421875 0.05625 0.071875
0 0.48046875 0.4765625 0.040625 0.0484375
0 0.1984375 0.0734375 0.040625 0.04375
0 0.17890625 0.125 0.046875 0.053125
0 0.1859375 0.1 0.075 0.125
0 0.51328125 0.12109375 0.04375 0.059375
0 0.815625 0.10703125 0.0375 0.053125
0 0.7671875 0.06328125 0.0359375 0.059375
0 0.44140625 0.30703125 0.0375 0.0484375
0 0.3 0.38828125 0.0625 0.065625
0 0.3546875 0.72109375 0.0875 0.065625
0 0.3625 0.81015625 0.0546875 0.05
0 0.56796875 0.62734375 0.0359375 0.04375
0 0.69765625 0.24453125 0.04375 0.059375
0 0.69375 0.31328125 0.05625 0.06875
0 0.7171875 0.30859375 0.2 0.26875
0 0.5984375 0.72109375 0.1109375 0.11875
0 0.51640625 0.55 0.075 0.075
0 0.48828125 0.659375 0.05 0.071875
0 0.459375 0.56171875 0.0375 0.053125
0 0.365625 0.57890625 0.05625 0.0765625
0 0.43671875 0.5734375 0.2125 0.1
0 0.3609375 0.25546875 0.059375 0.090625
0 0.484375 0.18671875 0.05 0.0625
0 0.2125 0.49921875 0.05 0.078125
0 0.31171875 0.3078125 0.040625 0.0546875
0 0.40625 0.8890625 0.0578125 0.05625
0 0.29453125 0.86796875 0.05 0.05
0 0.5359375 0.2625 0.065625 0.146875
0 0.5125 0.44765625 0.121875 0.1296875
0 0.46796875 0.2671875 0.0875 0.21875
0 0.228125 0.6046875 0.0453125 0.0453125
0 0.2203125 0.7109375 0.0515625 0.04375