0 0.5203125 0.11796875 0.040625 0.08125
0 0.7703125 0.246875 0.0375 0.0625
0 0.721875 0.203125 0.059375 0.0796875
0 0.9390625 0.32421875 0.040625 0.0796875
0 0.54765625 0.48125 0.0828125 0.071875
0 0.4296875 0.64453125 0.06875 0.075
0 0.39296875 0.5796875 0.0609375 0.06875
0 0.0828125 0.62890625 0.0484375 0.06875
0 0.0796875 0.05625 0.0375 0.053125
0 0.2671875 0.41875 0.065625 0.08125
0 0.35078125 0.421875 0.0625 0.0796875
0 0.45078125 0.37578125 0.0453125 0.0625
0 0.528125 0.28359375 0.0484375 0.065625
0 0.62109375 0.74375 0.05 0.06875
0 0.49296875 0.74609375 0.0625 0.0734375
0 0.45390625 0.8640625 0.05625 0.09375
0 0.725 0.89375 0.05 0.053125
0 0.83984375 0.8265625 0.0328125 0.053125
0 0.4015625 0.2515625 0.0453125 0.065625
0 0.43046875 0.16640625 0.046875 0.0640625
0 0.3734375 0.06796875 0.0359375 0.053125
0 0.49375 0.57109375 0.053125 0.1078125
0 0.1703125 0.66171875 0.040625 0.0546875
0 0.19453125 0.70390625 0.05625 0.071875
0 0.23125 0.64296875 0.040625 0.0609375
0 0.3109375 0.5453125 0.059375 0.0765625
0 0.3390625 0.76171875 0.040625 0.065625
0 0.478125 0.11484375 0.0390625 0.065625