0 0.4296875 0.27265625 0.0578125 0.046875
0 0.40546875 0.225 0.04375 0.0375
0 0.82421875 0.18984375 0.05625 0.0375
0 0.81171875 0.52265625 0.059375 0.04375
0 0.87890625 0.9671875 0.059375 0.04375
0 0.3390625 0.56953125 0.059375 0.034375
0 0.52265625 0.375 0.053125 0.040625
0 0.34375 0.41171875 0.046875 0.0625
0 0.3828125 0.70625 0.059375 0.0484375
0 0.7921875 0.75703125 0.059375 0.04375
0 0.28828125 0.503125 0.078125 0.059375
0 0.08828125 0.46796875 0.0515625 0.03125
0 0.75703125 0.2375 0.078125 0.075