0 0.34765625 0.046875 0.075 0.09296875
0 0.684375 0.23671875 0.034375 0.0703125
0 0.74375 0.22734375 0.053125 0.0859375
0 0.69140625 0.3234375 0.07265625 0.08203125
0 0.415625 0.31953125 0.05390625 0.08046875
0 0.59765625 0.83828125 0.05546875 0.08203125
0 0.4375 0.75703125 0.075 0.10390625
0 0.70078125 0.58203125 0.12109375 0.15859375
0 0.32421875 0.5328125 0.06640625 0.1125
0 0.38046875 0.49140625 0.05390625 0.10078125
0 0.42890625 0.63125 0.0453125 0.08203125
0 0.565625 0.64296875 0.03984375 0.0796875
0 0.55078125 0.57265625 0.06484375 0.071875
0 0.609375 0.34296875 0.05546875 0.1015625
0 0.54140625 0.35859375 0.08046875 0.12578125
0 0.6515625 0.19453125 0.04453125 0.053125
0 0.45078125 0.09375 0.04921875 0.0640625
0 0.20390625 0.1046875 0.05390625 0.13828125
0 0.3515625 0.30234375 0.06640625 0.08125
0 0.35859375 0.40390625 0.08515625 0.06484375
0 0.5453125 0.4859375 0.05 0.08671875
0 0.49296875 0.528125 0.03515625 0.090625
0 0.5328125 0.77734375 0.0421875 0.06640625
0 0.4015625 0.21015625 0.046875 0.0578125
0 0.3375 0.1484375 0.0578125 0.09375
0 0.303125 0.0828125 0.04296875 0.0609375
0 0.32734375 0.23359375 0.06796875 0.090625
0 0.4578125 0.425 0.10546875 0.12265625
0 0.540625 0.25546875 0.09296875 0.0890625
0 0.65625 0.12890625 0.04921875 0.05859375
0 0.34765625 0.63984375 0.03671875 0.08046875
0 0.49140625 0.66484375 0.03359375 0.08984375
0 0.46640625 0.62109375 0.03046875 0.0546875
0 0.4484375 0.5359375 0.05390625 0.1
0 0.45234375 0.32421875 0.03359375 0.06875