0 0.12734375 0.38203125 0.025 0.04609375
0 0.946875 0.42109375 0.02890625 0.0453125
0 0.765625 0.51484375 0.025 0.04140625
0 0.6515625 0.284375 0.0359375 0.04296875
0 0.33984375 0.80078125 0.0265625 0.0421875
0 0.34921875 0.85703125 0.02734375 0.04609375
0 0.703125 0.9078125 0.0375 0.05234375
0 0.46875 0.80859375 0.0171875 0.03125
0 0.36640625 0.3578125 0.02578125 0.04375
0 0.14140625 0.08984375 0.02265625 0.03125
0 0.046875 0.228125 0.02578125 0.04296875
0 0.396875 0.03359375 0.02890625 0.03984375
0 0.78359375 0.31015625 0.02109375 0.0390625