0 0.84140625 0.978125 0.0421875 0.0375
0 0.1328125 0.82890625 0.05 0.05
0 0.84765625 0.753125 0.04375 0.0609375
0 0.925 0.91171875 0.05625 0.0515625
0 0.42734375 0.67734375 0.053125 0.0625
0 0.6 0.7234375 0.0859375 0.05
0 0.73046875 0.90546875 0.05 0.046875
0 0.653125 0.9171875 0.0578125 0.0796875
0 0.69921875 0.72890625 0.05625 0.05625
0 0.81640625 0.83203125 0.0546875 0.0421875
0 0.45234375 0.97734375 0.053125 0.0375
0 0.4703125 0.9359375 0.059375 0.04375
0 0.50078125 0.89609375 0.05 0.04375
0 0.68359375 0.6421875 0.05 0.053125
0 0.75078125 0.759375 0.0375 0.03125
0 0.72734375 0.7796875 0.034375 0.0421875
0 0.6421875 0.76953125 0.046875 0.053125