0 0.2765625 0.50234375 0.071875 0.1
0 0.08203125 0.6296875 0.09765625 0.13125
0 0.1421875 0.38515625 0.0671875 0.078125
0 0.140625 0.2734375 0.0625 0.07734375
0 0.4609375 0.41796875 0.0765625 0.07734375
0 0.55625 0.80625 0.07109375 0.1359375
0 0.48828125 0.63828125 0.11015625 0.10234375
0 0.83359375 0.565625 0.0546875 0.08046875
0 0.60546875 0.64296875 0.05078125 0.06171875
0 0.67265625 0.45 0.0703125 0.14609375
0 0.38515625 0.815625 0.1078125 0.08203125
0 0.559375 0.40390625 0.04296875 0.0734375
0 0.86015625 0.4328125 0.05078125 0.06484375
0 0.8015625 0.4765625 0.05859375 0.06875
0 0.37421875 0.584375 0.071875 0.07734375