0 0.28515625 0.67890625 0.06015625 0.0796875
0 0.30859375 0.22734375 0.05859375 0.071875
0 0.6859375 0.81015625 0.04375 0.0703125
0 0.44765625 0.39921875 0.05625 0.059375
0 0.503125 0.171875 0.0546875 0.12578125
0 0.7203125 0.22890625 0.04296875 0.0703125
0 0.77578125 0.2484375 0.04609375 0.05546875
0 0.7625 0.30703125 0.05234375 0.0640625
0 0.7828125 0.59296875 0.0453125 0.0765625
0 0.34921875 0.35078125 0.06484375 0.08515625
0 0.4421875 0.5515625 0.046875 0.06875
0 0.76328125 0.39296875 0.046875 0.0578125
0 0.68203125 0.4703125 0.0546875 0.06953125
0 0.746875 0.30546875 0.10859375 0.2546875
0 0.2125 0.4328125 0.059375 0.0703125
0 0.446875 0.228125 0.05546875 0.06796875