0 0.9703125 0.98203125 0.0546875 0.028125
0 0.93515625 0.96328125 0.071875 0.0421875
0 0.92265625 0.8859375 0.06875 0.0453125
0 0.77265625 0.6796875 0.053125 0.0375
0 0.71875 0.771875 0.084375 0.03125
0 0.590625 0.7796875 0.0828125 0.034375
0 0.7234375 0.83125 0.046875 0.03125
0 0.63203125 0.971875 0.0625 0.05625
0 0.8375 0.753125 0.0578125 0.0390625
0 0.80859375 0.48515625 0.071875 0.034375
0 0.87734375 0.5 0.05 0.05
0 0.74921875 0.5359375 0.06875 0.0625
0 0.7109375 0.63671875 0.10625 0.03125
0 0.69453125 0.60234375 0.0578125 0.0328125
0 0.375 0.67109375 0.06875 0.0265625
0 0.1390625 0.55546875 0.0625 0.03125
0 0.6 0.6078125 0.075 0.05
0 0.6671875 0.715625 0.040625 0.0234375
0 0.634375 0.6875 0.0609375 0.03125
0 0.93125 0.7546875 0.046875 0.03125
0 0.61484375 0.1953125 0.078125 0.05
0 0.7265625 0.1375 0.075 0.04375
0 0.928125 0.10859375 0.0796875 0.06875
0 0.88359375 0.03984375 0.0625 0.034375
0 0.3796875 0.23828125 0.0609375 0.028125
0 0.74609375 0.22578125 0.109375 0.05
0 0.9734375 0.2015625 0.053125 0.0453125
0 0.5609375 0.34375 0.046875 0.034375
0 0.4453125 0.10625 0.0578125 0.0421875
0 0.53359375 0.08515625 0.059375 0.0359375
0 0.853125 0.2515625 0.059375 0.0390625
0 0.26875 0.32734375 0.078125 0.04375
0 0.4125 0.63984375 0.05 0.025
0 0.48515625 0.1671875 0.053125 0.04375
0 0.40625 0.16796875 0.05 0.053125
0 0.44140625 0.2640625 0.053125 0.0328125