0 0.2 0.3609375 0.0421875 0.059375
0 0.1453125 0.4875 0.0390625 0.059375
0 0.34609375 0.40546875 0.046875 0.06875
0 0.4546875 0.4296875 0.046875 0.06875
0 0.46015625 0.05078125 0.0375 0.0546875
0 0.17578125 0.14140625 0.0296875 0.05
0 0.32109375 0.3265625 0.0453125 0.0625
0 0.259375 0.44296875 0.040625 0.0453125
0 0.2015625 0.44765625 0.0359375 0.0515625
0 0.396875 0.52421875 0.04375 0.065625
0 0.3203125 0.5421875 0.046875 0.06875
0 0.37265625 0.22265625 0.034375 0.05
0 0.496875 0.14921875 0.05625 0.0609375