0 0.15546875 0.19375 0.0609375 0.06640625
0 0.496875 0.21875 0.0515625 0.07265625
0 0.671875 0.02890625 0.04609375 0.0578125
0 0.6328125 0.25 0.06015625 0.09296875
0 0.6421875 0.4421875 0.03359375 0.0625
0 0.81640625 0.58671875 0.05234375 0.06328125
0 0.521875 0.69609375 0.07578125 0.0921875
0 0.20234375 0.63359375 0.046875 0.05703125
0 0.26953125 0.59609375 0.05 0.06484375
0 0.3734375 0.34609375 0.06015625 0.0703125
0 0.23203125 0.40234375 0.0625 0.09453125
0 0.3625 0.45859375 0.03671875 0.04765625
0 0.47578125 0.309375 0.04375 0.071875
0 0.44453125 0.3875 0.0390625 0.0625
0 0.7375 0.95390625 0.05078125 0.0625
0 0.2265625 0.721875 0.046875 0.06875
0 0.56640625 0.37265625 0.0265625 0.10078125
0 0.43359375 0.5375 0.0359375 0.04296875
0 0.30625 0.46015625 0.0375 0.0578125
0 0.67734375 0.49296875 0.03828125 0.0671875
0 0.53984375 0.44921875 0.03671875 0.06171875