0 0.39765625 0.171875 0.0625 0.040625
0 0.50703125 0.2 0.05 0.0375
0 0.65859375 0.4828125 0.059375 0.053125
0 0.56875 0.61171875 0.0578125 0.0484375
0 0.50546875 0.44609375 0.065625 0.04375
0 0.3125 0.3015625 0.065625 0.0609375
0 0.58515625 0.8453125 0.0796875 0.046875
0 0.415625 0.4921875 0.0875 0.059375
0 0.30546875 0.7796875 0.0921875 0.05
0 0.2421875 0.68046875 0.075 0.0546875
0 0.253125 0.57578125 0.05625 0.06875
0 0.13359375 0.42109375 0.059375 0.0453125
0 0.2828125 0.34140625 0.0546875 0.04375