0 0.2234375 0.74765625 0.0875 0.08125
0 0.5703125 0.66015625 0.0734375 0.075
0 0.621875 0.6078125 0.059375 0.05
0 0.66328125 0.65546875 0.0875 0.071875
0 0.615625 0.28046875 0.0625 0.053125
0 0.61015625 0.47734375 0.096875 0.065625
0 0.69609375 0.409375 0.05625 0.05625
0 0.7890625 0.36796875 0.090625 0.06875
0 0.8078125 0.7546875 0.075 0.0609375
0 0.7875 0.8546875 0.0625 0.040625
0 0.4984375 0.8859375 0.153125 0.08125
0 0.509375 0.728125 0.09375 0.065625
0 0.48515625 0.62109375 0.0875 0.05
0 0.26171875 0.5796875 0.15 0.090625
0 0.33046875 0.76015625 0.075 0.05
0 0.80546875 0.58671875 0.10625 0.05625
0 0.68359375 0.53984375 0.065625 0.0375
0 0.83671875 0.49453125 0.109375 0.0578125
0 0.9359375 0.475 0.065625 0.06875
0 0.69140625 0.78359375 0.0640625 0.0390625
0 0.94296875 0.27734375 0.059375 0.040625