0 0.94609375 0.67265625 0.06875 0.04375
0 0.878125 0.5921875 0.0453125 0.03125
0 0.72890625 0.5734375 0.065625 0.03125
0 0.39140625 0.48828125 0.0671875 0.05625
0 0.28515625 0.41796875 0.05625 0.0375
0 0.1265625 0.46015625 0.0484375 0.040625
0 0.05859375 0.27578125 0.046875 0.03125
0 0.078125 0.2203125 0.04375 0.0328125
0 0.40859375 0.3265625 0.0578125 0.034375
0 0.390625 0.5671875 0.046875 0.034375
0 0.58671875 0.52421875 0.040625 0.046875
0 0.66015625 0.428125 0.0609375 0.028125
0 0.40703125 0.421875 0.0625 0.034375