0 0.25390625 0.8 0.05078125 0.07578125
0 0.65625 0.1390625 0.04453125 0.01484375
0 0.5984375 0.1625 0.02890625 0.01875
0 0.61953125 0.20234375 0.028125 0.01875
0 0.59765625 0.2140625 0.028125 0.01875
0 0.7421875 0.2109375 0.03046875 0.015625
0 0.76953125 0.20546875 0.021875 0.01484375
0 0.76328125 0.23359375 0.02578125 0.01796875
0 0.76640625 0.2625 0.021875 0.02734375
0 0.53984375 0.196875 0.02578125 0.015625
0 0.40859375 0.24296875 0.0265625 0.0265625
0 0.36171875 0.28203125 0.03359375 0.01796875
0 0.58828125 0.2671875 0.04296875 0.0203125
0 0.53515625 0.2875 0.02578125 0.0203125
0 0.51171875 0.26953125 0.0421875 0.02421875
0 0.55703125 0.22109375 0.040625 0.03046875
0 0.5140625 0.23046875 0.03125 0.02890625
0 0.4171875 0.29375 0.0484375 0.03984375
0 0.45859375 0.290625 0.03515625 0.03203125
0 0.4484375 0.26484375 0.05625 0.02109375
0 0.41171875 0.36640625 0.0546875 0.0265625
0 0.35859375 0.346875 0.0265625 0.03828125
0 0.365625 0.41875 0.0484375 0.0234375
0 0.4359375 0.43671875 0.03125 0.01796875
0 0.39453125 0.39140625 0.0265625 0.02734375
0 0.44140625 0.384375 0.02265625 0.02265625
0 0.73828125 0.18515625 0.0296875 0.0140625
0 0.71484375 0.196875 0.03046875 0.01640625
0 0.5546875 0.25859375 0.03046875 0.0171875
0 0.7046875 0.22421875 0.04375 0.01640625
0 0.83359375 0.3015625 0.01484375 0.02265625