0 0.57890625 0.22109375 0.08125 0.078125
0 0.6203125 0.04609375 0.071875 0.040625
0 0.86875 0.1203125 0.075 0.04375
0 0.21953125 0.17109375 0.071875 0.059375
0 0.1203125 0.440625 0.05625 0.040625
0 0.12109375 0.584375 0.0546875 0.059375
0 0.23046875 0.6 0.090625 0.071875
0 0.22578125 0.484375 0.1375 0.06875
0 0.31015625 0.73515625 0.1328125 0.06875
0 0.5671875 0.91484375 0.059375 0.0375
0 0.63125 0.86796875 0.08125 0.0359375
0 0.440625 0.76875 0.06875 0.0375
0 0.559375 0.86171875 0.05625 0.03125
0 0.2578125 0.9859375 0.1125 0.028125
0 0.09296875 0.6875 0.065625 0.0453125