0 0.0875 0.79765625 0.06875 0.0765625
0 0.0203125 0.67109375 0.040625 0.078125
0 0.4203125 0.42421875 0.1453125 0.128125
0 0.5140625 0.61015625 0.071875 0.0625
0 0.65078125 0.43984375 0.065625 0.05
0 0.68359375 0.38359375 0.10625 0.046875
0 0.315625 0.16953125 0.115625 0.08125
0 0.2421875 0.3265625 0.10625 0.078125
0 0.22734375 0.53203125 0.1453125 0.1
0 0.375 0.33671875 0.109375 0.053125
0 0.45546875 0.0984375 0.075 0.053125
0 0.69765625 0.20703125 0.059375 0.0875
0 0.59765625 0.21796875 0.084375 0.0625
0 0.8078125 0.16875 0.0875 0.05
0 0.94140625 0.43359375 0.075 0.078125
0 0.63984375 0.596875 0.0828125 0.053125
0 0.13359375 0.396875 0.1 0.065625
0 0.134375 0.203125 0.1015625 0.05625
0 0.36484375 0.27421875 0.071875 0.053125
0 0.45 0.1984375 0.125 0.0875