0 0.11796875 0.4796875 0.08125 0.040625
0 0.246875 0.2296875 0.0625 0.0375
0 0.203125 0.278125 0.0796875 0.059375
0 0.32421875 0.0609375 0.0796875 0.040625
0 0.48125 0.45234375 0.071875 0.0828125
0 0.64453125 0.5703125 0.075 0.06875
0 0.5796875 0.60703125 0.06875 0.0609375
0 0.62890625 0.9171875 0.06875 0.0484375
0 0.05625 0.9203125 0.053125 0.0375
0 0.41875 0.7328125 0.08125 0.065625
0 0.421875 0.64921875 0.0796875 0.0625
0 0.37578125 0.54921875 0.0625 0.0453125
0 0.28359375 0.471875 0.065625 0.0484375
0 0.74375 0.37890625 0.06875 0.05
0 0.74609375 0.50703125 0.0734375 0.0625
0 0.8640625 0.54609375 0.09375 0.05625
0 0.89375 0.275 0.053125 0.05
0 0.8265625 0.16015625 0.053125 0.0328125
0 0.2515625 0.5984375 0.065625 0.0453125
0 0.16640625 0.56953125 0.0640625 0.046875
0 0.06796875 0.6265625 0.053125 0.0359375
0 0.57109375 0.50625 0.1078125 0.053125
0 0.66171875 0.8296875 0.0546875 0.040625
0 0.70390625 0.80546875 0.071875 0.05625
0 0.64296875 0.76875 0.0609375 0.040625
0 0.5453125 0.6890625 0.0765625 0.059375
0 0.76171875 0.6609375 0.065625 0.040625
0 0.11484375 0.521875 0.065625 0.0390625