0 0.15546875 0.17109375 0.09375 0.0609375
0 0.1953125 0.27265625 0.1125 0.0671875
0 0.05078125 0.18359375 0.0875 0.0890625
0 0.8 0.7015625 0.08125 0.05625
0 0.59765625 0.796875 0.0671875 0.04375
0 0.528125 0.671875 0.0625 0.0421875
0 0.5734375 0.5546875 0.06875 0.0421875
0 0.30390625 0.78203125 0.0625 0.04375
0 0.3890625 0.74375 0.075 0.046875
0 0.57109375 0.7578125 0.08125 0.05
0 0.84296875 0.96328125 0.078125 0.05625
0 0.4515625 0.89140625 0.071875 0.040625
0 0.3796875 0.90859375 0.0625 0.065625
0 0.528125 0.9765625 0.13125 0.046875