0 0.43359375 0.43984375 0.0484375 0.1046875
0 0.5296875 0.10859375 0.03359375 0.06328125
0 0.5375 0.403125 0.034375 0.078125
0 0.628125 0.23671875 0.04765625 0.14921875
0 0.70234375 0.24296875 0.0484375 0.0671875
0 0.7484375 0.2921875 0.025 0.09296875
0 0.421875 0.71171875 0.053125 0.08359375
0 0.12109375 0.84375 0.03984375 0.07578125
0 0.21328125 0.77890625 0.03828125 0.0609375
0 0.2171875 0.834375 0.03828125 0.05078125
0 0.29375 0.79765625 0.03125 0.05546875
0 0.39140625 0.80546875 0.025 0.05078125
0 0.5875 0.86875 0.0328125 0.0609375
0 0.2421875 0.55703125 0.05 0.07265625
0 0.30390625 0.5890625 0.0578125 0.0640625
0 0.40234375 0.571875 0.0609375 0.096875
0 0.62578125 0.55 0.02890625 0.0609375
0 0.6890625 0.53359375 0.03984375 0.065625
0 0.1828125 0.36875 0.05625 0.07578125
0 0.2859375 0.6875 0.08359375 0.08828125
0 0.57265625 0.71015625 0.04609375 0.06015625
0 0.44609375 0.6390625 0.03359375 0.04609375
0 0.7 0.61640625 0.0265625 0.0609375