0 0.27890625 0.5765625 0.06015625 0.10703125
0 0.4390625 0.25234375 0.06015625 0.0953125
0 0.7828125 0.9265625 0.065625 0.10234375
0 0.50078125 0.81796875 0.04921875 0.0890625
0 0.5640625 0.73359375 0.05 0.08828125
0 0.56484375 0.55859375 0.0453125 0.10234375
0 0.52578125 0.30546875 0.04609375 0.0984375
0 0.4484375 0.5203125 0.04609375 0.09765625
0 0.453125 0.6703125 0.065625 0.12734375
0 0.59453125 0.41796875 0.05625 0.0703125
0 0.4875 0.40625 0.0828125 0.115625
0 0.38671875 0.946875 0.05 0.06796875
0 0.534375 0.971875 0.04453125 0.05625
0 0.63046875 0.60859375 0.0359375 0.05859375