0 0.31796875 0.2484375 0.078125 0.046875
0 0.17578125 0.690625 0.0703125 0.05
0 0.27109375 0.69453125 0.0765625 0.0421875
0 0.1734375 0.82890625 0.06875 0.05
0 0.3265625 0.9203125 0.096875 0.084375
0 0.43359375 0.85625 0.11875 0.065625
0 0.5375 0.90859375 0.096875 0.065625
0 0.64921875 0.8671875 0.0625 0.046875
0 0.721875 0.86328125 0.078125 0.065625
0 0.81328125 0.81953125 0.075 0.05
0 0.60078125 0.69140625 0.1515625 0.05625
0 0.42421875 0.7265625 0.0796875 0.0421875
0 0.42578125 0.9484375 0.10625 0.05
0 0.78671875 0.66875 0.08125 0.05625
0 0.7046875 0.73984375 0.128125 0.065625
0 0.6140625 0.73203125 0.0734375 0.040625
0 0.21328125 0.78046875 0.0859375 0.0421875
0 0.80390625 0.77109375 0.13125 0.046875
0 0.85234375 0.72578125 0.065625 0.046875
0 0.70546875 0.65703125 0.0625 0.0421875
0 0.496875 0.7171875 0.08125 0.08125
0 0.3234375 0.75234375 0.0625 0.040625
0 0.9390625 0.79609375 0.075 0.06875
0 0.7484375 0.56640625 0.0984375 0.05625