0 0.290625 0.11015625 0.0953125 0.075
0 0.56875 0.13984375 0.075 0.05
0 0.4984375 0.24765625 0.06484375 0.04765625
0 0.22734375 0.24140625 0.08828125 0.07265625
0 0.3546875 0.23203125 0.04609375 0.04765625
0 0.3859375 0.2640625 0.0515625 0.03984375
0 0.296875 0.2453125 0.06171875 0.0640625
0 0.39609375 0.3453125 0.06640625 0.05703125
0 0.55 0.34921875 0.0640625 0.065625
0 0.6921875 0.42890625 0.053125 0.05078125
0 0.72421875 0.3703125 0.059375 0.05859375
0 0.75 0.4828125 0.04375 0.04296875
0 0.23046875 0.46953125 0.06015625 0.046875
0 0.303125 0.4625 0.0484375 0.04140625
0 0.34296875 0.51484375 0.06171875 0.05
0 0.40859375 0.51953125 0.04296875 0.034375
0 0.4421875 0.4625 0.071875 0.05625
0 0.4765625 0.51953125 0.0484375 0.040625
0 0.0734375 0.8015625 0.04296875 0.03984375
0 0.125 0.82109375 0.05390625 0.046875
0 0.1 0.8140625 0.125 0.07421875
0 0.12109375 0.48671875 0.059375 0.04453125
0 0.10703125 0.184375 0.05390625 0.03828125
0 0.06328125 0.2328125 0.059375 0.0359375
0 0.30703125 0.55859375 0.0484375 0.0375
0 0.38828125 0.7 0.06640625 0.06171875
0 0.72109375 0.6453125 0.065625 0.0875
0 0.81015625 0.6375 0.04921875 0.0546875
0 0.62734375 0.43203125 0.04375 0.0359375
0 0.24453125 0.30234375 0.05859375 0.04375
0 0.31328125 0.30625 0.06796875 0.05546875
0 0.30859375 0.2828125 0.26953125 0.19921875
0 0.72109375 0.4015625 0.11796875 0.1109375
0 0.55 0.48359375 0.075 0.07578125
0 0.659375 0.51171875 0.07265625 0.05078125
0 0.56171875 0.540625 0.05390625 0.03828125
0 0.57890625 0.634375 0.0765625 0.05703125
0 0.5734375 0.56328125 0.1 0.21171875
0 0.25546875 0.6390625 0.08984375 0.06015625
0 0.18671875 0.515625 0.0625 0.05078125
0 0.49921875 0.7875 0.078125 0.05078125
0 0.3078125 0.68828125 0.0546875 0.03984375
0 0.8890625 0.59375 0.05625 0.0578125
0 0.86796875 0.70546875 0.04921875 0.05078125
0 0.2625 0.4640625 0.146875 0.06484375
0 0.44765625 0.4875 0.1296875 0.12109375
0 0.2671875 0.53203125 0.21796875 0.08671875
0 0.6046875 0.771875 0.0453125 0.0453125
0 0.7109375 0.7796875 0.04453125 0.0515625