0 0.2359375 0.55390625 0.08125 0.0375
0 0.178125 0.490625 0.059375 0.059375
0 0.2671875 0.4515625 0.0609375 0.0390625
0 0.45625 0.55 0.04375 0.0296875
0 0.41953125 0.484375 0.05 0.040625
0 0.2375 0.38359375 0.046875 0.0234375
0 0.32734375 0.42890625 0.0546875 0.040625
0 0.2890625 0.39765625 0.046875 0.021875
0 0.1015625 0.66484375 0.0375 0.040625
0 0.1046875 0.5609375 0.059375 0.0390625
0 0.5234375 0.57890625 0.059375 0.0453125
0 0.578125 0.428125 0.06875 0.040625
0 0.43515625 0.43515625 0.04375 0.0296875
0 0.3703125 0.57109375 0.05625 0.0375
0 0.434375 0.61484375 0.053125 0.0375
0 0.3625 0.61484375 0.0625 0.0328125
0 0.525 0.53125 0.04375 0.028125