0 0.25234375 0.2984375 0.103125 0.05625
0 0.1609375 0.7 0.14375 0.1453125
0 0.3625 0.7796875 0.2171875 0.0984375
0 0.5625 0.81484375 0.125 0.0890625
0 0.953125 0.39921875 0.09375 0.0703125
0 0.78515625 0.434375 0.1265625 0.1203125
0 0.60859375 0.68984375 0.15 0.0796875
0 0.2609375 0.49375 0.140625 0.10625
0 0.14140625 0.575 0.103125 0.05625
0 0.4203125 0.53125 0.1 0.084375
0 0.43359375 0.6078125 0.259375 0.078125
0 0.1875 0.3765625 0.225 0.1
0 0.090625 0.46171875 0.1375 0.0875
0 0.4703125 0.70390625 0.1125 0.065625