0 0.5625 0.24375 0.05859375 0.06640625
0 0.640625 0.190625 0.040625 0.05
0 0.6734375 0.409375 0.0453125 0.06640625
0 0.77109375 0.39296875 0.04921875 0.06953125
0 0.70234375 0.49921875 0.08671875 0.06875
0 0.55546875 0.51015625 0.046875 0.08125
0 0.80234375 0.80234375 0.0421875 0.05625
0 0.6890625 0.68125 0.08046875 0.06328125
0 0.615625 0.615625 0.08203125 0.11171875
0 0.56328125 0.6640625 0.03984375 0.05390625
0 0.45234375 0.28046875 0.04609375 0.07578125
0 0.58828125 0.31484375 0.053125 0.07578125
0 0.6046875 0.52578125 0.03515625 0.0484375
0 0.390625 0.29296875 0.059375 0.08125
0 0.4828125 0.46796875 0.07578125 0.11953125
0 0.44609375 0.596875 0.0921875 0.10234375
0 0.31640625 0.43046875 0.07578125 0.07890625
0 0.6984375 0.78046875 0.0515625 0.09375
0 0.515625 0.665625 0.04765625 0.13125
0 0.36953125 0.475 0.034375 0.0546875
0 0.3078125 0.33515625 0.0421875 0.06953125