0 0.46484375 0.7078125 0.15625 0.0953125
0 0.58984375 0.334375 0.121875 0.146875
0 0.25390625 0.5328125 0.090625 0.0625
0 0.08671875 0.1 0.1015625 0.0796875
0 0.06484375 0.65390625 0.1296875 0.1
0 0.046875 0.5171875 0.09375 0.08125
0 0.303125 0.70390625 0.109375 0.071875
0 0.3296875 0.58515625 0.075 0.059375
0 0.56328125 0.64921875 0.125 0.059375
0 0.74921875 0.56484375 0.1375 0.071875
0 0.82421875 0.63359375 0.0984375 0.0859375
0 0.70078125 0.69296875 0.1375 0.09375
0 0.4984375 0.5578125 0.09375 0.134375