0 0.38359375 0.8171875 0.08125 0.06875
0 0.49453125 0.74609375 0.078125 0.0703125
0 0.29765625 0.9828125 0.1078125 0.034375
0 0.51015625 0.37421875 0.0671875 0.0484375
0 0.553125 0.284375 0.0890625 0.053125
0 0.61796875 0.2390625 0.059375 0.05625
0 0.68984375 0.25625 0.0796875 0.071875
0 0.67890625 0.35625 0.096875 0.075
0 0.55625 0.44453125 0.0828125 0.08125
0 0.396875 0.2671875 0.078125 0.06875
0 0.3703125 0.18671875 0.0671875 0.04375
0 0.5453125 0.18046875 0.0796875 0.0671875
0 0.08046875 0.05625 0.059375 0.040625
0 0.44375 0.66484375 0.103125 0.071875
0 0.48671875 0.48515625 0.0859375 0.0609375
0 0.18828125 0.2640625 0.059375 0.0484375