0 0.02421875 0.70546875 0.0484375 0.1015625
0 0.0828125 0.67421875 0.05 0.08125
0 0.22265625 0.459375 0.03125 0.05625
0 0.1453125 0.62265625 0.0484375 0.078125
0 0.26640625 0.64765625 0.040625 0.0765625
0 0.5640625 0.65 0.0546875 0.078125
0 0.79140625 0.4890625 0.0375 0.05625
0 0.7984375 0.55234375 0.053125 0.059375
0 0.76796875 0.61328125 0.059375 0.09375
0 0.1421875 0.746875 0.04375 0.06875
0 0.3140625 0.9078125 0.034375 0.06875
0 0.4984375 0.65546875 0.034375 0.053125
0 0.0265625 0.84453125 0.053125 0.071875