0 0.4921875 0.86015625 0.0625 0.034375
0 0.82265625 0.51171875 0.1375 0.06875
0 0.3125 0.153125 0.078125 0.04375
0 0.21796875 0.634375 0.0609375 0.034375
0 0.1984375 0.57734375 0.09375 0.065625
0 0.6140625 0.6203125 0.109375 0.0625
0 0.46640625 0.58515625 0.071875 0.040625
0 0.43125 0.521875 0.1078125 0.0609375
0 0.55703125 0.5265625 0.06875 0.046875
0 0.89375 0.44375 0.0546875 0.0328125
0 0.84921875 0.275 0.1078125 0.053125
0 0.90625 0.15859375 0.06875 0.0296875
0 0.90390625 0.0953125 0.109375 0.053125
0 0.76015625 0.79453125 0.14375 0.0640625
0 0.41640625 0.453125 0.053125 0.0296875
0 0.4140625 0.4828125 0.0515625 0.028125
0 0.58515625 0.0671875 0.0421875 0.021875