0 0.62578125 0.9171875 0.10625 0.090625
0 0.27578125 0.8578125 0.075 0.0625
0 0.38359375 0.86171875 0.075 0.078125
0 0.49296875 0.73125 0.09375 0.071875
0 0.63984375 0.5328125 0.09375 0.0671875
0 0.7859375 0.4453125 0.0859375 0.078125
0 0.459375 0.33203125 0.1375 0.08125
0 0.48046875 0.1921875 0.065625 0.05
0 0.6078125 0.19296875 0.115625 0.0890625
0 0.64453125 0.390625 0.0625 0.053125
0 0.38671875 0.54609375 0.1234375 0.08125
0 0.8109375 0.6171875 0.0875 0.096875
0 0.475 0.984375 0.0765625 0.03125