0 0.4609375 0.540625 0.07890625 0.109375
0 0.1734375 0.37265625 0.1765625 0.2109375
0 0.05 0.3921875 0.1 0.16484375
0 0.48359375 0.1453125 0.14609375 0.17578125
0 0.415625 0.2921875 0.14453125 0.12890625
0 0.7515625 0.72578125 0.08671875 0.1421875
0 0.40859375 0.646875 0.109375 0.11484375
0 0.30546875 0.8875 0.1546875 0.225
0 0.62734375 0.9296875 0.1640625 0.13984375
0 0.65 0.775 0.15234375 0.15390625
0 0.93203125 0.3953125 0.1359375 0.15
0 0.91484375 0.1484375 0.1171875 0.16171875
0 0.9015625 0.9453125 0.09375 0.109375
0 0.1015625 0.1109375 0.12890625 0.15625
0 0.1265625 0.9234375 0.1125 0.153125
0 0.34765625 0.41484375 0.1296875 0.1515625