0 0.890625 0.440625 0.05625 0.04375
0 0.86875 0.4984375 0.046875 0.0375
0 0.9796875 0.56015625 0.040625 0.0546875
0 0.59609375 0.58046875 0.05 0.040625
0 0.63203125 0.5328125 0.084375 0.075
0 0.24140625 0.20625 0.059375 0.05
0 0.16796875 0.16015625 0.075 0.059375
0 0.25078125 0.34609375 0.0484375 0.0390625
0 0.2984375 0.5640625 0.059375 0.040625
0 0.2390625 0.65234375 0.10625 0.0640625
0 0.2734375 0.721875 0.05625 0.040625
0 0.15078125 0.7546875 0.059375 0.046875
0 0.68125 0.28359375 0.0453125 0.040625
0 0.32578125 0.1078125 0.05625 0.0375
0 0.31015625 0.21953125 0.053125 0.05625
0 0.6765625 0.75546875 0.075 0.0734375