0 0.2453125 0.33828125 0.03515625 0.0578125
0 0.84765625 0.23359375 0.040625 0.0671875
0 0.8015625 0.14453125 0.03046875 0.07109375
0 0.63828125 0.1828125 0.0375 0.05234375
0 0.4109375 0.07578125 0.053125 0.05234375
0 0.31953125 0.15625 0.046875 0.05
0 0.36953125 0.18515625 0.04453125 0.0859375
0 0.22265625 0.25390625 0.0328125 0.05234375
0 0.16875 0.27734375 0.0375 0.0578125
0 0.31875 0.865625 0.0375 0.0703125
0 0.284375 0.7671875 0.053125 0.06875
0 0.66953125 0.959375 0.04140625 0.07265625
0 0.61953125 0.96015625 0.0546875 0.0796875
0 0.5734375 0.93359375 0.03828125 0.065625
0 0.40078125 0.96171875 0.0484375 0.0765625
0 0.3546875 0.8796875 0.034375 0.090625
0 0.8359375 0.75234375 0.04296875 0.12265625
0 0.8953125 0.81953125 0.02890625 0.04296875
0 0.83984375 0.9328125 0.028125 0.0453125
0 0.81015625 0.85703125 0.03671875 0.0609375
0 0.73125 0.91640625 0.02890625 0.04375
0 0.2515625 0.64140625 0.03671875 0.059375