0 0.03515625 0.36953125 0.0703125 0.1125
0 0.38828125 0.04296875 0.04375 0.05625
0 0.41015625 0.1015625 0.040625 0.05
0 0.76015625 0.346875 0.05625 0.078125
0 0.57890625 0.53515625 0.0984375 0.08125
0 0.6078125 0.509375 0.175 0.175
0 0.8046875 0.4359375 0.046875 0.059375
0 0.72421875 0.7140625 0.0609375 0.08125
0 0.37109375 0.671875 0.06875 0.075
0 0.1546875 0.48046875 0.115625 0.134375
0 0.31953125 0.5328125 0.0625 0.09375
0 0.73359375 0.11328125 0.140625 0.13125
0 0.5765625 0.10859375 0.1375 0.2171875
0 0.42109375 0.81328125 0.109375 0.16875
0 0.80859375 0.60625 0.053125 0.0953125
0 0.81484375 0.71015625 0.078125 0.0859375
0 0.9046875 0.44140625 0.0546875 0.08125