0 0.90546875 0.3578125 0.0640625 0.0390625
0 0.915625 0.63828125 0.109375 0.04375
0 0.6421875 0.56015625 0.065625 0.046875
0 0.7515625 0.43984375 0.078125 0.0375
0 0.69609375 0.321875 0.0703125 0.046875
0 0.79453125 0.33203125 0.0875 0.059375
0 0.8890625 0.40859375 0.0671875 0.0359375
0 0.96171875 0.2515625 0.0765625 0.0484375
0 0.3375 0.33203125 0.09375 0.0625
0 0.1234375 0.346875 0.065625 0.04375
0 0.10625 0.52578125 0.05625 0.04375
0 0.21171875 0.60625 0.115625 0.1
0 0.3015625 0.61875 0.1 0.065625
0 0.4 0.54140625 0.1125 0.0796875
0 0.44765625 0.59609375 0.059375 0.0359375
0 0.55234375 0.58671875 0.0625 0.078125
0 0.571875 0.7328125 0.0875 0.0640625
0 0.5734375 0.659375 0.096875 0.05
0 0.825 0.715625 0.053125 0.0375
0 0.53046875 0.95703125 0.05 0.040625
0 0.26328125 0.96796875 0.05625 0.03125
0 0.22734375 0.7703125 0.1375 0.075
0 0.25625 0.68984375 0.0703125 0.0484375
0 0.40234375 0.74296875 0.0921875 0.0625
0 0.38828125 0.67734375 0.065625 0.0375
0 0.16171875 0.1609375 0.0625 0.065625
0 0.22109375 0.0203125 0.0671875 0.040625
0 0.39765625 0.0796875 0.0625 0.034375
0 0.23984375 0.83984375 0.0828125 0.04375
0 0.65390625 0.7828125 0.0625 0.04375