0 0.2234375 0.27890625 0.0671875 0.0625
0 0.29921875 0.42734375 0.0390625 0.046875
0 0.353125 0.6921875 0.05 0.06875
0 0.38515625 0.7890625 0.0578125 0.08125
0 0.46015625 0.7203125 0.0640625 0.084375
0 0.4109375 0.54921875 0.0515625 0.075
0 0.2875 0.5796875 0.040625 0.059375
0 0.475 0.26796875 0.046875 0.059375
0 0.52109375 0.29921875 0.046875 0.0890625
0 0.49375 0.38984375 0.0625 0.06875
0 0.21640625 0.3765625 0.0890625 0.09375
0 0.3515625 0.203125 0.03125 0.0453125
0 0.35546875 0.5078125 0.0375 0.046875
0 0.2421875 0.51640625 0.065625 0.06875
0 0.471875 0.4578125 0.0671875 0.0609375
0 0.83515625 0.60078125 0.0578125 0.103125
0 0.6046875 0.603125 0.05625 0.08125
0 0.6078125 0.6890625 0.0546875 0.065625
0 0.653125 0.31484375 0.053125 0.065625
0 0.53671875 0.175 0.0796875 0.153125
0 0.62578125 0.3765625 0.0421875 0.04375