0 0.23671875 0.31875 0.0625 0.040625
0 0.325 0.3078125 0.103125 0.071875
0 0.22890625 0.25703125 0.096875 0.05625
0 0.0484375 0.65 0.096875 0.0734375
0 0.49140625 0.61484375 0.0890625 0.046875
0 0.53359375 0.67578125 0.096875 0.065625
0 0.83828125 0.403125 0.09375 0.04375
0 0.75390625 0.5671875 0.096875 0.06875
0 0.77890625 0.4671875 0.08125 0.05
0 0.66484375 0.5109375 0.0671875 0.03125
0 0.63125 0.5734375 0.071875 0.0421875
0 0.63515625 0.44609375 0.071875 0.08125
0 0.340625 0.38828125 0.0875 0.0515625
0 0.359375 0.45703125 0.121875 0.08125
0 0.31328125 0.57109375 0.103125 0.084375
0 0.57109375 0.44921875 0.05 0.059375
0 0.09453125 0.55234375 0.0875 0.0484375
0 0.15625 0.334375 0.121875 0.059375
0 0.24609375 0.44296875 0.090625 0.109375
0 0.19921875 0.59765625 0.0953125 0.05
0 0.0890625 0.7953125 0.103125 0.065625
0 0.153125 0.66796875 0.0875 0.078125
0 0.3078125 0.64921875 0.103125 0.0671875
0 0.4859375 0.453125 0.103125 0.0625
0 0.4828125 0.5390625 0.2109375 0.096875
0 0.21640625 0.76875 0.0890625 0.1125