0 0.01171875 0.23984375 0.0234375 0.059375
0 0.10234375 0.29453125 0.02421875 0.03984375
0 0.16328125 0.321875 0.025 0.04765625
0 0.08046875 0.24609375 0.0234375 0.0375
0 0.340625 0.025 0.04375 0.05
0 0.1703125 0.5046875 0.03515625 0.0484375
0 0.23203125 0.43515625 0.04140625 0.06875
0 0.2015625 0.384375 0.03125 0.06328125
0 0.39765625 0.3796875 0.03203125 0.08515625
0 0.52578125 0.3296875 0.0359375 0.06015625
0 0.58828125 0.31875 0.0265625 0.046875
0 0.559375 0.3015625 0.034375 0.06953125
0 0.48125 0.35 0.04453125 0.0734375
0 0.5125 0.5859375 0.04765625 0.065625
0 0.63515625 0.6453125 0.04296875 0.06015625
0 0.63984375 0.58515625 0.05859375 0.05234375
0 0.3796875 0.6171875 0.0265625 0.04921875
0 0.5734375 0.7453125 0.03671875 0.059375
0 0.4390625 0.21171875 0.03046875 0.053125
0 0.39453125 0.07578125 0.028125 0.05078125
0 0.48046875 0.1125 0.03984375 0.046875
0 0.5328125 0.0359375 0.03203125 0.05546875
0 0.57734375 0.0265625 0.03125 0.04140625
0 0.58515625 0.09296875 0.03671875 0.0578125
0 0.6828125 0.0328125 0.04609375 0.065625
0 0.4890625 0.465625 0.03125 0.0421875
0 0.34375 0.71015625 0.034375 0.0640625
0 0.2921875 0.66171875 0.028125 0.04921875
0 0.21015625 0.559375 0.0390625 0.04453125
0 0.35703125 0.41484375 0.046875 0.11796875
0 0.6296875 0.8296875 0.0375 0.03828125
0 0.7703125 0.62734375 0.04140625 0.1046875
0 0.7875 0.78515625 0.03203125 0.053125
0 0.865625 0.671875 0.05703125 0.09765625
0 0.90234375 0.78984375 0.025 0.05078125
0 0.7125 0.8828125 0.0359375 0.0765625
0 0.6265625 0.9 0.04140625 0.06015625
0 0.69375 0.96796875 0.0546875 0.06328125
0 0.69609375 0.72109375 0.0375 0.05234375
0 0.70234375 0.37734375 0.053125 0.0546875
0 0.70546875 0.31953125 0.0359375 0.0578125
0 0.6703125 0.19140625 0.03984375 0.0578125
0 0.62109375 0.13984375 0.03125 0.04921875
0 0.23046875 0.16875 0.04140625 0.059375
0 0.03046875 0.44375 0.0328125 0.0453125
0 0.08125 0.52734375 0.046875 0.05546875
0 0.24921875 0.7875 0.0328125 0.053125
0 0.675 0.90078125 0.04609375 0.075
0 0.86015625 0.97265625 0.0296875 0.0546875
0 0.77265625 0.51875 0.02265625 0.0375
0 0.746875 0.47578125 0.02421875 0.03515625
0 0.50078125 0.6703125 0.03359375 0.06953125
0 0.41875 0.63671875 0.03671875 0.03515625
0 0.43515625 0.57890625 0.04296875 0.0609375
0 0.88359375 0.31015625 0.01796875 0.03125
0 0.86875 0.26875 0.02265625 0.03671875
0 0.309375 0.31796875 0.040625 0.04453125
0 0.42890625 0.7 0.07265625 0.07890625
0 0.559375 0.8578125 0.03671875 0.03984375
0 0.45078125 0.0703125 0.02578125 0.03515625
0 0.478125 0.0671875 0.02265625 0.03125
0 0.22734375 0.290625 0.05859375 0.08359375
0 0.29140625 0.5796875 0.04453125 0.04375
0 0.21953125 0.68828125 0.03984375 0.0734375
0 0.4015625 0.79296875 0.0265625 0.03359375
0 0.4796875 0.8234375 0.05234375 0.0390625
0 0.08828125 0.85546875 0.0203125 0.040625
0 0.56796875 0.14296875 0.0265625 0.03046875
0 0.29609375 0.09296875 0.0203125 0.03515625
0 0.1828125 0.06015625 0.040625 0.05625
0 0.08359375 0.3296875 0.03046875 0.04296875