0 0.36875 0.0921875 0.07421875 0.0875
0 0.2265625 0.2390625 0.0765625 0.06953125
0 0.68046875 0.66875 0.084375 0.11171875
0 0.71953125 0.82265625 0.04609375 0.06484375
0 0.9796875 0.96796875 0.040625 0.0640625
0 0.5546875 0.20625 0.06171875 0.04296875
0 0.078125 0.8875 0.0484375 0.0703125
0 0.33125 0.353125 0.04921875 0.13359375
0 0.48984375 0.79609375 0.04765625 0.06015625
0 0.76796875 0.37421875 0.0359375 0.05625
0 0.4859375 0.5265625 0.0453125 0.065625
0 0.40078125 0.2515625 0.04921875 0.06640625
0 0.534375 0.1171875 0.0828125 0.08046875
0 0.16796875 0.72421875 0.0703125 0.09453125