0 0.90234375 0.103125 0.06484375 0.1375
0 0.7171875 0.4484375 0.06796875 0.1046875
0 0.82421875 0.70859375 0.10703125 0.13671875
0 0.86953125 0.875 0.08828125 0.103125
0 0.653125 0.7328125 0.075 0.0875
0 0.615625 0.65078125 0.06796875 0.109375
0 0.42109375 0.4203125 0.06796875 0.09609375
0 0.43046875 0.94296875 0.071875 0.10703125
0 0.2703125 0.57890625 0.05859375 0.071875
0 0.37734375 0.65703125 0.06796875 0.0796875
0 0.5140625 0.6578125 0.0578125 0.078125
0 0.946875 0.646875 0.07265625 0.1015625