0 0.28515625 0.73359375 0.04453125 0.0671875
0 0.21796875 0.809375 0.05 0.05859375
0 0.26796875 0.065625 0.06640625 0.1015625
0 0.571875 0.17578125 0.05703125 0.1234375
0 0.60703125 0.08828125 0.04609375 0.0578125
0 0.49375 0.02734375 0.08671875 0.0546875
0 0.4296875 0.05625 0.04609375 0.0484375
0 0.49296875 0.2109375 0.0765625 0.10078125
0 0.315625 0.178125 0.05078125 0.05625
0 0.334375 0.09296875 0.06328125 0.11171875
0 0.71953125 0.3875 0.03125 0.06328125
0 0.62734375 0.35234375 0.053125 0.07734375