0 0.49921875 0.67265625 0.05234375 0.06484375
0 0.61640625 0.75546875 0.0625 0.08125
0 0.52890625 0.79609375 0.0546875 0.08203125
0 0.58125 0.87890625 0.06015625 0.0609375
0 0.79453125 0.671875 0.0703125 0.11015625
0 0.88671875 0.690625 0.06328125 0.07421875
0 0.88515625 0.784375 0.05546875 0.09609375
0 0.80234375 0.8140625 0.0703125 0.134375
0 0.13515625 0.13125 0.05234375 0.0796875
0 0.2921875 0.08359375 0.0515625 0.06796875
0 0.1203125 0.0265625 0.071875 0.05234375
0 0.22734375 0.13203125 0.07109375 0.05546875
0 0.16328125 0.21796875 0.0484375 0.06640625
0 0.38671875 0.55390625 0.0859375 0.13671875
0 0.58125 0.66015625 0.06640625 0.06953125
0 0.94453125 0.19296875 0.03984375 0.06328125