0 0.25234375 0.303125 0.06328125 0.08359375
0 0.334375 0.28984375 0.05625 0.096875
0 0.4796875 0.54140625 0.10703125 0.1796875
0 0.22890625 0.634375 0.06640625 0.096875
0 0.30390625 0.6109375 0.05390625 0.08671875
0 0.3125 0.9015625 0.078125 0.0890625
0 0.5609375 0.38515625 0.0671875 0.10703125
0 0.6015625 0.4875 0.06484375 0.096875
0 0.70390625 0.18671875 0.08203125 0.1265625
0 0.81640625 0.18515625 0.08671875 0.103125
0 0.8578125 0.30078125 0.0765625 0.11796875
0 0.75546875 0.671875 0.065625 0.0984375
0 0.78671875 0.46328125 0.0921875 0.18671875
0 0.48203125 0.32265625 0.0671875 0.13671875
0 0.39296875 0.3875 0.0859375 0.140625
0 0.29296875 0.3875 0.04921875 0.0765625
0 0.32734375 0.7109375 0.06796875 0.10234375
0 0.47109375 0.8765625 0.05703125 0.075