0 0.4140625 0.05703125 0.046875 0.075
0 0.2046875 0.2828125 0.0421875 0.06328125
0 0.12421875 0.2890625 0.0515625 0.0625
0 0.08046875 0.503125 0.03984375 0.05859375
0 0.1859375 0.9546875 0.071875 0.06015625
0 0.16640625 0.87890625 0.03671875 0.05
0 0.32421875 0.9109375 0.06015625 0.10078125
0 0.4671875 0.915625 0.06171875 0.0796875
0 0.725 0.96171875 0.065625 0.06875
0 0.7765625 0.8796875 0.04453125 0.078125
0 0.49765625 0.6734375 0.05234375 0.07109375
0 0.4640625 0.1875 0.03828125 0.0578125
0 0.253125 0.278125 0.0328125 0.08359375
0 0.3203125 0.2515625 0.03828125 0.05859375
0 0.30703125 0.3578125 0.034375 0.05078125
0 0.14921875 0.41640625 0.10390625 0.0984375
0 0.171875 0.7171875 0.040625 0.0546875
0 0.209375 0.77734375 0.03671875 0.04921875
0 0.55703125 0.7640625 0.0390625 0.05390625
0 0.48046875 0.7515625 0.0359375 0.059375
0 0.6515625 0.184375 0.03359375 0.05234375
0 0.25078125 0.0375 0.04140625 0.06015625
0 0.171875 0.56171875 0.05 0.0578125
0 0.48671875 0.39140625 0.040625 0.04765625
0 0.3609375 0.421875 0.040625 0.059375
0 0.64921875 0.67734375 0.040625 0.0484375
0 0.2625 0.675 0.034375 0.05859375
0 0.2453125 0.58203125 0.040625 0.096875
0 0.44609375 0.425 0.034375 0.06953125
0 0.053125 0.34609375 0.04375 0.05859375
0 0.08203125 0.24140625 0.03828125 0.0546875