0 0.81015625 0.44609375 0.125 0.075
0 0.8984375 0.85859375 0.10625 0.10625
0 0.43359375 0.81640625 0.1375 0.1
0 0.31796875 0.871875 0.084375 0.0828125
0 0.56015625 0.9671875 0.1140625 0.065625
0 0.525 0.87890625 0.09375 0.075
0 0.87109375 0.25 0.1078125 0.078125
0 0.6453125 0.18359375 0.09375 0.084375
0 0.95625 0.1734375 0.0875 0.0828125
0 0.45625 0.6734375 0.078125 0.05
0 0.71796875 0.8546875 0.090625 0.0703125
0 0.49296875 0.04375 0.0609375 0.065625
0 0.62265625 0.10546875 0.08125 0.065625
0 0.396875 0.3625 0.0875 0.059375