0 0.146875 0.5203125 0.04609375 0.07265625
0 0.2125 0.53046875 0.04609375 0.08359375
0 0.19453125 0.4046875 0.04140625 0.06171875
0 0.21484375 0.459375 0.02109375 0.03203125
0 0.325 0.57421875 0.0453125 0.05625
0 0.35234375 0.69140625 0.03984375 0.0640625
0 0.7359375 0.71484375 0.04296875 0.06796875
0 0.48828125 0.79765625 0.034375 0.04609375
0 0.52578125 0.77890625 0.0203125 0.03515625
0 0.459375 0.27890625 0.02578125 0.04375
0 0.61484375 0.396875 0.03359375 0.06484375
0 0.66484375 0.42421875 0.0453125 0.05
0 0.2875 0.04375 0.0296875 0.0484375
0 0.09609375 0.4671875 0.0296875 0.04765625
0 0.121875 0.28203125 0.03671875 0.04375
0 0.18359375 0.309375 0.028125 0.04296875
0 0.1359375 0.82421875 0.0234375 0.0375
0 0.30859375 0.646875 0.03828125 0.04609375
0 0.38515625 0.64296875 0.0609375 0.04765625
0 0.3109375 0.8515625 0.0265625 0.04140625
0 0.659375 0.596875 0.040625 0.09453125
0 0.5609375 0.646875 0.0234375 0.03828125
0 0.7515625 0.525 0.02265625 0.0515625
0 0.3890625 0.26875 0.02734375 0.0359375
0 0.2359375 0.0171875 0.0484375 0.034375
0 0.38046875 0.0140625 0.028125 0.028125
0 0.3484375 0.07421875 0.03125 0.04609375
0 0.5703125 0.37578125 0.02265625 0.04375
0 0.7265625 0.85390625 0.02734375 0.05234375
0 0.578125 0.3015625 0.0234375 0.0375