0 0.5203125 0.853125 0.071875 0.046875
0 0.53046875 0.7875 0.084375 0.046875
0 0.4046875 0.80546875 0.0625 0.040625
0 0.459375 0.78515625 0.03125 0.021875
0 0.57421875 0.675 0.05625 0.0453125
0 0.69140625 0.64765625 0.0640625 0.040625
0 0.71484375 0.2640625 0.06875 0.04375
0 0.79765625 0.51171875 0.046875 0.034375
0 0.77890625 0.47421875 0.034375 0.0203125
0 0.27890625 0.540625 0.04375 0.025
0 0.396875 0.38515625 0.065625 0.034375
0 0.42421875 0.33515625 0.05 0.0453125
0 0.04375 0.7125 0.0484375 0.0296875
0 0.4671875 0.90390625 0.046875 0.0296875
0 0.28203125 0.878125 0.04375 0.0375
0 0.309375 0.81640625 0.04375 0.028125
0 0.82421875 0.8640625 0.0375 0.0234375
0 0.646875 0.69140625 0.046875 0.0375
0 0.64296875 0.61484375 0.046875 0.0609375
0 0.8515625 0.6890625 0.040625 0.0265625
0 0.596875 0.340625 0.09375 0.040625
0 0.646875 0.4390625 0.0375 0.0234375
0 0.525 0.2484375 0.0515625 0.021875
0 0.26875 0.6109375 0.0359375 0.028125
0 0.0171875 0.7640625 0.034375 0.0484375
0 0.0140625 0.61953125 0.028125 0.028125
0 0.07421875 0.6515625 0.046875 0.03125
0 0.37578125 0.4296875 0.04375 0.021875
0 0.85390625 0.2734375 0.053125 0.028125
0 0.3015625 0.421875 0.0375 0.0234375