0 0.77265625 0.1453125 0.034375 0.05
0 0.759375 0.19453125 0.04375 0.06328125
0 0.55390625 0.103125 0.03046875 0.0484375
0 0.61640625 0.6453125 0.04140625 0.059375
0 0.17421875 0.546875 0.04296875 0.0609375
0 0.83359375 0.58984375 0.0640625 0.11953125
0 0.6953125 0.46640625 0.03828125 0.04609375
0 0.75703125 0.575 0.0359375 0.05390625
0 0.38984375 0.5609375 0.03203125 0.053125
0 0.80703125 0.4703125 0.0328125 0.084375
0 0.834375 0.23828125 0.03046875 0.05859375
0 0.8671875 0.45 0.0390625 0.05625
0 0.7890625 0.953125 0.03046875 0.05703125