0 0.29375 0.29296875 0.0890625 0.0453125
0 0.2453125 0.325 0.05625 0.0421875
0 0.03984375 0.29453125 0.0796875 0.0390625
0 0.43828125 0.79296875 0.071875 0.0359375
0 0.35390625 0.79453125 0.040625 0.040625
0 0.4125 0.7171875 0.05 0.053125
0 0.525 0.6921875 0.0890625 0.0453125
0 0.54921875 0.7671875 0.0796875 0.0875
0 0.62890625 0.7828125 0.075 0.0875
0 0.7171875 0.753125 0.0640625 0.05
0 0.709375 0.8140625 0.071875 0.04375
0 0.8328125 0.84375 0.184375 0.065625
0 0.88828125 0.7296875 0.05 0.06875
0 0.57265625 0.221875 0.096875 0.078125
0 0.65625 0.0828125 0.090625 0.053125
0 0.7859375 0.0234375 0.109375 0.046875
0 0.7765625 0.090625 0.1078125 0.0796875
0 0.88671875 0.059375 0.13125 0.05625
0 0.8921875 0.15390625 0.096875 0.103125
0 0.55390625 0.15390625 0.0875 0.040625
0 0.58125 0.85625 0.0828125 0.05625
0 0.6890625 0.8875 0.146875 0.0828125