0 0.44609375 0.18984375 0.07578125 0.12578125
0 0.85859375 0.1015625 0.10546875 0.10546875
0 0.81640625 0.56640625 0.1 0.13828125
0 0.871875 0.68203125 0.08203125 0.08359375
0 0.9671875 0.43984375 0.06484375 0.1140625
0 0.87890625 0.475 0.07421875 0.09296875
0 0.25 0.12890625 0.078125 0.1078125
0 0.18359375 0.3546875 0.08359375 0.09375
0 0.1734375 0.04375 0.0828125 0.0875
0 0.6734375 0.54375 0.05 0.078125
0 0.8546875 0.28203125 0.0703125 0.08984375
0 0.04375 0.50703125 0.065625 0.0609375
0 0.10546875 0.37734375 0.06484375 0.08203125
0 0.3625 0.603125 0.06015625 0.0875