0 0.115625 0.36875 0.05 0.040625
0 0.0203125 0.4234375 0.040625 0.04375
0 0.03671875 0.72421875 0.046875 0.040625
0 0.1984375 0.76171875 0.078125 0.053125
0 0.5265625 0.9359375 0.075 0.053125
0 0.6984375 0.89921875 0.08125 0.0703125
0 0.65859375 0.821875 0.05 0.0390625
0 0.73984375 0.5828125 0.0515625 0.0453125
0 0.83359375 0.45625 0.0515625 0.03125
0 0.7 0.5296875 0.0609375 0.0375
0 0.5578125 0.4328125 0.0484375 0.034375
0 0.3765625 0.4609375 0.125 0.0875
0 0.2203125 0.41328125 0.06875 0.0625
0 0.2578125 0.63828125 0.084375 0.034375
0 0.3921875 0.72109375 0.10625 0.053125
0 0.46875 0.77421875 0.08125 0.065625
0 0.621875 0.6171875 0.05625 0.0359375
0 0.56640625 0.765625 0.096875 0.05625
0 0.21171875 0.58125 0.059375 0.04375
0 0.2640625 0.60625 0.0421875 0.028125
0 0.2828125 0.55703125 0.0640625 0.053125
0 0.35234375 0.56328125 0.0640625 0.05
0 0.58359375 0.509375 0.0609375 0.0390625
0 0.41953125 0.66328125 0.0625 0.0375
0 0.48046875 0.66796875 0.0609375 0.040625
0 0.53359375 0.640625 0.05625 0.0625
0 0.79765625 0.54296875 0.04375 0.040625
0 0.41796875 0.5453125 0.046875 0.03125
0 0.49765625 0.5171875 0.065625 0.034375
0 0.07890625 0.56484375 0.040625 0.046875