0 0.10703125 0.82890625 0.075 0.08515625
0 0.53046875 0.6421875 0.06328125 0.090625
0 0.53203125 0.0984375 0.0875 0.11015625
0 0.5921875 0.2546875 0.059375 0.11640625
0 0.6234375 0.53671875 0.06015625 0.0796875
0 0.32109375 0.56015625 0.07421875 0.08671875
0 0.41328125 0.61953125 0.09921875 0.1
0 0.3796875 0.79140625 0.06875 0.103125
0 0.1921875 0.72421875 0.08984375 0.09375
0 0.38828125 0.96484375 0.10546875 0.0703125
0 0.6046875 0.9234375 0.09921875 0.096875
0 0.66015625 0.65625 0.06953125 0.09921875
0 0.2984375 0.8921875 0.1109375 0.10234375
0 0.73671875 0.96171875 0.08125 0.0765625
0 0.69296875 0.75234375 0.059375 0.09921875