0 0.60625 0.05078125 0.0484375 0.0625
0 0.48671875 0.02890625 0.03984375 0.0578125
0 0.3953125 0.559375 0.05390625 0.059375
0 0.4046875 0.88046875 0.0390625 0.05234375
0 0.3921875 0.27109375 0.040625 0.06015625
0 0.0640625 0.07578125 0.0390625 0.0515625
0 0.43984375 0.15859375 0.03984375 0.05625
0 0.58671875 0.3046875 0.06484375 0.06875
0 0.46640625 0.40546875 0.04296875 0.05390625
0 0.51015625 0.46484375 0.046875 0.04765625
0 0.290625 0.88515625 0.0734375 0.0796875
0 0.65 0.409375 0.0515625 0.06796875
0 0.27578125 0.14375 0.04609375 0.0671875