0 0.40625 0.7359375 0.0921875 0.109375
0 0.51640625 0.88125 0.08125 0.0453125
0 0.625 0.8328125 0.096875 0.0703125
0 0.70234375 0.95625 0.06875 0.0484375
0 0.721875 0.8546875 0.0875 0.065625
0 0.88828125 0.81796875 0.203125 0.1328125
0 0.57421875 0.6015625 0.09375 0.078125
0 0.5515625 0.3921875 0.09375 0.096875
0 0.4078125 0.32109375 0.134375 0.125
0 0.06171875 0.478125 0.0875 0.0609375
0 0.72109375 0.471875 0.165625 0.0875
0 0.82109375 0.425 0.090625 0.046875
0 0.909375 0.26171875 0.096875 0.1203125
0 0.80625 0.20390625 0.071875 0.040625
0 0.61953125 0.19609375 0.1140625 0.09375
0 0.3265625 0.540625 0.0796875 0.090625
0 0.93984375 0.7140625 0.071875 0.05625
0 0.4234375 0.19140625 0.1125 0.065625