0 0.209375 0.4796875 0.053125 0.07109375
0 0.39921875 0.13984375 0.06015625 0.065625
0 0.71640625 0.26796875 0.05859375 0.08671875
0 0.7109375 0.384375 0.028125 0.04453125
0 0.375 0.62734375 0.0515625 0.09765625
0 0.525 0.8609375 0.021875 0.0421875
0 0.38203125 0.4546875 0.0359375 0.04921875
0 0.21640625 0.0875 0.04609375 0.075
0 0.79921875 0.3328125 0.03359375 0.05
0 0.87890625 0.36796875 0.0296875 0.05078125
0 0.91015625 0.37734375 0.0234375 0.04453125
0 0.6609375 0.5734375 0.02890625 0.05390625
0 0.690625 0.91875 0.0296875 0.05859375