0 0.978125 0.15859375 0.03828125 0.0421875
0 0.82890625 0.8671875 0.04921875 0.04921875
0 0.753125 0.15234375 0.06015625 0.04453125
0 0.91171875 0.075 0.0515625 0.05625
0 0.67734375 0.57265625 0.06171875 0.05234375
0 0.7234375 0.4 0.05078125 0.0859375
0 0.90546875 0.26953125 0.046875 0.05078125
0 0.9171875 0.346875 0.0796875 0.0578125
0 0.72890625 0.30078125 0.05546875 0.05625
0 0.83203125 0.18359375 0.0421875 0.0546875
0 0.97734375 0.54765625 0.03671875 0.05390625
0 0.9359375 0.5296875 0.04453125 0.05859375
0 0.89609375 0.49921875 0.04375 0.04921875
0 0.6421875 0.31640625 0.05234375 0.05078125
0 0.759375 0.24921875 0.03125 0.0375
0 0.7796875 0.27265625 0.04140625 0.03515625
0 0.76953125 0.3578125 0.05234375 0.04765625