0 0.046875 0.65234375 0.09375 0.075
0 0.23671875 0.315625 0.0703125 0.034375
0 0.22734375 0.25625 0.0859375 0.053125
0 0.3234375 0.30859375 0.08125 0.071875
0 0.31953125 0.584375 0.08125 0.053125
0 0.83828125 0.40234375 0.08125 0.05625
0 0.75703125 0.5625 0.103125 0.075
0 0.58203125 0.29921875 0.159375 0.121875
0 0.5328125 0.67578125 0.1125 0.065625
0 0.49140625 0.61953125 0.1 0.053125
0 0.63125 0.57109375 0.08125 0.0453125
0 0.64296875 0.434375 0.0796875 0.040625
0 0.57265625 0.44921875 0.071875 0.065625
0 0.34296875 0.390625 0.1015625 0.05625
0 0.35859375 0.45859375 0.125 0.08125
0 0.19453125 0.3484375 0.053125 0.04375
0 0.09375 0.54921875 0.0640625 0.05
0 0.1046875 0.79609375 0.1375 0.0546875
0 0.30234375 0.6484375 0.08125 0.065625
0 0.40390625 0.64140625 0.065625 0.084375
0 0.4859375 0.4546875 0.0875 0.05
0 0.528125 0.50703125 0.090625 0.034375
0 0.77734375 0.4671875 0.065625 0.0421875
0 0.21015625 0.5984375 0.0578125 0.046875
0 0.1484375 0.6625 0.09375 0.0578125
0 0.0828125 0.696875 0.0609375 0.04375
0 0.23359375 0.67265625 0.090625 0.06875
0 0.425 0.5421875 0.121875 0.10625
0 0.25546875 0.459375 0.0890625 0.09375
0 0.12890625 0.34375 0.059375 0.05
0 0.63984375 0.65234375 0.08125 0.0375
0 0.66484375 0.50859375 0.090625 0.034375
0 0.62109375 0.53359375 0.0546875 0.03125
0 0.5359375 0.5515625 0.1 0.053125
0 0.32421875 0.54765625 0.06875 0.034375