0 0.6625 0.36171875 0.05234375 0.0765625
0 0.478125 0.240625 0.0578125 0.075
0 0.2921875 0.22578125 0.05 0.05234375
0 0.3140625 0.540625 0.0421875 0.0703125
0 0.25859375 0.7328125 0.040625 0.059375
0 0.696875 0.64765625 0.03046875 0.053125
0 0.86953125 0.7171875 0.0515625 0.05625
0 0.75859375 0.67734375 0.059375 0.08671875
0 0.38046875 0.48515625 0.0390625 0.05078125
0 0.42421875 0.7140625 0.0359375 0.0515625
0 0.6796875 0.7796875 0.0421875 0.04609375
0 0.64765625 0.4734375 0.04296875 0.075
0 0.284375 0.2953125 0.03125 0.0625