0 0.79296875 0.33359375 0.05625 0.0375
0 0.7921875 0.45625 0.053125 0.034375
0 0.353125 0.3421875 0.0484375 0.034375
0 0.428125 0.51484375 0.090625 0.053125
0 0.6015625 0.5703125 0.059375 0.0375
0 0.34140625 0.6171875 0.0515625 0.03125
0 0.6375 0.93203125 0.04375 0.028125
0 0.2890625 0.5890625 0.04375 0.028125
0 0.29453125 0.51484375 0.034375 0.03125
0 0.21015625 0.2234375 0.04375 0.0359375
0 0.084375 0.23984375 0.040625 0.028125
0 0.1125 0.4328125 0.053125 0.0453125
0 0.18828125 0.47734375 0.0453125 0.0359375
0 0.2265625 0.46328125 0.0625 0.053125