0 0.22109375 0.42109375 0.078125 0.08125
0 0.04609375 0.3796875 0.04140625 0.07109375
0 0.1203125 0.13125 0.04375 0.07421875
0 0.17109375 0.78046875 0.059375 0.071875
0 0.440625 0.8796875 0.04140625 0.05625
0 0.584375 0.87890625 0.059375 0.0546875
0 0.6 0.76953125 0.07265625 0.08984375
0 0.484375 0.77421875 0.06796875 0.13828125
0 0.73515625 0.68984375 0.06953125 0.1328125
0 0.91484375 0.4328125 0.0375 0.059375
0 0.86796875 0.36875 0.0359375 0.08203125
0 0.76875 0.559375 0.0375 0.06796875
0 0.86171875 0.440625 0.03125 0.05625
0 0.9859375 0.7421875 0.028125 0.1125
0 0.6875 0.90703125 0.0453125 0.065625