0 0.59375 0.625 0.1203125 0.078125
0 0.86796875 0.7828125 0.08125 0.0546875
0 0.734375 0.175 0.1125 0.1
0 0.91328125 0.46328125 0.0890625 0.0671875
0 0.48984375 0.51875 0.109375 0.084375
0 0.44375 0.44296875 0.0796875 0.06875
0 0.31953125 0.53515625 0.1484375 0.15
0 0.1328125 0.359375 0.125 0.08125
0 0.5203125 0.34140625 0.075 0.059375
0 0.5234375 0.41796875 0.05625 0.046875
0 0.64140625 0.51015625 0.125 0.05625
0 0.3359375 0.31796875 0.134375 0.1125
0 0.5015625 0.27421875 0.109375 0.06875
0 0.4046875 0.23359375 0.0875 0.046875