0 0.2125 0.34921875 0.103125 0.05
0 0.5640625 0.3140625 0.059375 0.034375
0 0.47578125 0.3515625 0.0875 0.046875
0 0.42265625 0.42265625 0.071875 0.0359375
0 0.35 0.44921875 0.090625 0.05
0 0.27421875 0.671875 0.16875 0.06875
0 0.171875 0.58203125 0.125 0.04375
0 0.5421875 0.63671875 0.0828125 0.0375
0 0.61640625 0.54296875 0.065625 0.0609375
0 0.4875 0.46015625 0.059375 0.034375
0 0.21875 0.47265625 0.0625 0.0328125
0 0.553125 0.54375 0.05 0.0375
0 0.41640625 0.5828125 0.11875 0.0515625
0 0.425 0.625 0.0640625 0.025