0 0.17890625 0.1546875 0.0390625 0.06875
0 0.31015625 0.06328125 0.0375 0.0546875
0 0.8796875 0.071875 0.0328125 0.071875
0 0.5578125 0.284375 0.034375 0.065625
0 0.46875 0.7359375 0.0390625 0.053125
0 0.51640625 0.63359375 0.0375 0.0828125
0 0.64140625 0.79921875 0.0375 0.0625
0 0.76875 0.6140625 0.0359375 0.05625
0 0.7171875 0.91953125 0.04375 0.05625
0 0.61796875 0.94140625 0.05 0.040625
0 0.54140625 0.89921875 0.0375 0.0484375
0 0.57578125 0.76171875 0.034375 0.078125
0 0.55390625 0.409375 0.0546875 0.0625
0 0.4140625 0.85078125 0.03125 0.04375