0 0.696875 0.25234375 0.084375 0.0625
0 0.71015625 0.334375 0.096875 0.05625
0 0.45859375 0.4796875 0.1796875 0.10625
0 0.365625 0.22890625 0.096875 0.065625
0 0.3890625 0.30390625 0.0875 0.053125
0 0.0984375 0.3125 0.0890625 0.078125
0 0.61484375 0.5609375 0.10625 0.0671875
0 0.5125 0.6015625 0.096875 0.065625
0 0.81328125 0.70390625 0.1265625 0.0828125
0 0.81484375 0.81640625 0.103125 0.0875
0 0.69921875 0.8578125 0.11875 0.0765625
0 0.328125 0.75546875 0.0984375 0.065625
0 0.53671875 0.78671875 0.1875 0.0921875
0 0.67734375 0.48203125 0.1375 0.0671875
0 0.6125 0.39296875 0.140625 0.0859375
0 0.6125 0.29296875 0.0765625 0.05
0 0.2890625 0.32734375 0.103125 0.06875
0 0.1234375 0.47109375 0.075 0.05625