0 0.33828125 0.175 0.0953125 0.09609375
0 0.5921875 0.1734375 0.0765625 0.05859375
0 0.61640625 0.61875 0.05546875 0.07265625
0 0.66484375 0.58515625 0.04765625 0.0609375
0 0.45546875 0.61328125 0.03125 0.09609375
0 0.2390625 0.6625 0.05625 0.08828125
0 0.253125 0.5203125 0.034375 0.06171875
0 0.0296875 0.58046875 0.040625 0.06796875
0 0.4140625 0.70078125 0.04140625 0.07578125
0 0.61328125 0.921875 0.0484375 0.071875
0 0.48359375 0.925 0.04140625 0.06953125
0 0.475 0.415625 0.06015625 0.0640625