0 0.82890625 0.89296875 0.084375 0.075
0 0.6421875 0.46953125 0.090625 0.0625
0 0.0984375 0.46796875 0.109375 0.0875
0 0.2546875 0.4078125 0.115625 0.059375
0 0.53671875 0.3765625 0.0796875 0.059375
0 0.56015625 0.67890625 0.0875 0.075
0 0.61953125 0.58671875 0.1 0.1
0 0.79140625 0.6203125 0.103125 0.06875
0 0.72421875 0.8078125 0.09375 0.090625
0 0.96484375 0.61171875 0.0703125 0.1046875
0 0.9234375 0.3953125 0.096875 0.1
0 0.65625 0.33984375 0.1 0.06875
0 0.8921875 0.7015625 0.103125 0.1109375
0 0.96171875 0.26328125 0.0765625 0.08125
0 0.75234375 0.30703125 0.1 0.059375