0 0.171875 0.60234375 0.040625 0.0625
0 0.2 0.49296875 0.0375 0.05
0 0.4828125 0.34140625 0.053125 0.059375
0 0.61171875 0.43125 0.0484375 0.0578125
0 0.44609375 0.49453125 0.04375 0.065625
0 0.3015625 0.6875 0.0609375 0.065625
0 0.8453125 0.41484375 0.046875 0.0796875
0 0.4921875 0.584375 0.059375 0.0875
0 0.7796875 0.69453125 0.05 0.0921875
0 0.68046875 0.7578125 0.0546875 0.075
0 0.57578125 0.746875 0.06875 0.05625
0 0.42109375 0.86640625 0.0453125 0.059375
0 0.34140625 0.7171875 0.04375 0.0546875