0 0.7359375 0.32265625 0.065625 0.034375
0 0.19609375 0.31953125 0.071875 0.0453125
0 0.2171875 0.36484375 0.059375 0.034375
0 0.06015625 0.5484375 0.0671875 0.040625
0 0.55703125 0.69765625 0.153125 0.1
0 0.503125 0.35390625 0.0890625 0.059375
0 0.5375 0.4421875 0.071875 0.078125
0 0.68203125 0.5140625 0.1140625 0.096875
0 0.81796875 0.61953125 0.06875 0.05
0 0.42578125 0.49140625 0.04375 0.025
0 0.56640625 0.54765625 0.084375 0.090625
0 0.63515625 0.6140625 0.04375 0.04375
0 0.5703125 0.62890625 0.071875 0.0375