0 0.953125 0.34765625 0.09375 0.075
0 0.76328125 0.684375 0.0703125 0.034375
0 0.77265625 0.74375 0.0859375 0.053125
0 0.6765625 0.69140625 0.08125 0.071875
0 0.68046875 0.415625 0.08125 0.053125
0 0.16171875 0.59765625 0.08125 0.05625
0 0.24296875 0.4375 0.103125 0.075
0 0.41796875 0.70078125 0.159375 0.121875
0 0.4671875 0.32421875 0.1125 0.065625
0 0.50859375 0.38046875 0.1 0.053125
0 0.36875 0.42890625 0.08125 0.0453125
0 0.35703125 0.565625 0.0796875 0.040625
0 0.42734375 0.55078125 0.071875 0.065625
0 0.65703125 0.609375 0.1015625 0.05625
0 0.64140625 0.54140625 0.125 0.08125
0 0.80546875 0.6515625 0.053125 0.04375
0 0.90625 0.45078125 0.0640625 0.05
0 0.8953125 0.20390625 0.1375 0.053125
0 0.69765625 0.3515625 0.08125 0.065625
0 0.59609375 0.35859375 0.065625 0.084375
0 0.5140625 0.5453125 0.0875 0.05
0 0.471875 0.49296875 0.090625 0.034375
0 0.22265625 0.5328125 0.065625 0.0421875
0 0.78984375 0.4015625 0.0578125 0.046875
0 0.8515625 0.3375 0.09375 0.0578125
0 0.9171875 0.303125 0.0609375 0.04375
0 0.76640625 0.32734375 0.090625 0.06875
0 0.575 0.4578125 0.121875 0.10625
0 0.74453125 0.540625 0.0890625 0.09375
0 0.87109375 0.65625 0.059375 0.05
0 0.36015625 0.34765625 0.08125 0.0375
0 0.33515625 0.49140625 0.090625 0.034375
0 0.37890625 0.46640625 0.0546875 0.03125
0 0.4640625 0.4484375 0.1 0.053125
0 0.67578125 0.45234375 0.06875 0.034375