0 0.5265625 0.4984375 0.21640625 0.2546875
0 0.71953125 0.40078125 0.0796875 0.11328125
0 0.24140625 0.43125 0.11484375 0.10078125
0 0.03203125 0.15859375 0.0640625 0.14765625
0 0.1046875 0.33125 0.146875 0.1265625
0 0.59296875 0.765625 0.1265625 0.12109375
0 0.69453125 0.69375 0.090625 0.11796875
0 0.7421875 0.51953125 0.09609375 0.09453125
0 0.74375 0.6125 0.05703125 0.07421875
0 0.72578125 0.21171875 0.12734375 0.1375
0 0.26328125 0.6078125 0.12265625 0.1078125
0 0.4234375 0.08125 0.121875 0.1625