0 0.440625 0.109375 0.04453125 0.05546875
0 0.4984375 0.13125 0.0375 0.046875
0 0.56015625 0.0203125 0.0546875 0.040625
0 0.58046875 0.40390625 0.040625 0.05
0 0.5328125 0.36796875 0.07421875 0.08359375
0 0.20625 0.75859375 0.04921875 0.06015625
0 0.16015625 0.83203125 0.059375 0.075
0 0.34609375 0.74921875 0.0390625 0.0484375
0 0.5640625 0.7015625 0.03984375 0.05859375
0 0.65234375 0.7609375 0.0640625 0.10546875
0 0.721875 0.7265625 0.04140625 0.05546875
0 0.7546875 0.84921875 0.046875 0.05859375
0 0.28359375 0.31875 0.04140625 0.0453125
0 0.1078125 0.67421875 0.03671875 0.05546875
0 0.21953125 0.68984375 0.05625 0.05234375
0 0.75546875 0.3234375 0.0734375 0.075