0 0.51875 0.31171875 0.0640625 0.0890625
0 0.6 0.66015625 0.08515625 0.1265625
0 0.78515625 0.75859375 0.07109375 0.0984375
0 0.83828125 0.60625 0.0609375 0.13203125
0 0.87265625 0.81796875 0.05390625 0.078125
0 0.67734375 0.7578125 0.05234375 0.07734375
0 0.38671875 0.79921875 0.04921875 0.103125
0 0.53125 0.45078125 0.08515625 0.1640625
0 0.6890625 0.30546875 0.0734375 0.14765625
0 0.76796875 0.296875 0.06328125 0.09453125
0 0.68203125 0.44609375 0.08671875 0.1234375
0 0.78359375 0.49140625 0.0921875 0.13359375
0 0.6015625 0.46796875 0.0484375 0.06953125
0 0.7484375 0.59296875 0.0578125 0.06953125
0 0.7171875 0.1265625 0.06953125 0.0859375