0 0.32109375 0.28515625 0.0796875 0.059375
0 0.77265625 0.30859375 0.071875 0.059375
0 0.18984375 0.6859375 0.0703125 0.04375
0 0.60078125 0.44765625 0.059375 0.05625
0 0.828125 0.503125 0.125 0.0546875
0 0.77109375 0.7203125 0.0703125 0.04375
0 0.7515625 0.77578125 0.05625 0.046875
0 0.69296875 0.7625 0.0640625 0.053125
0 0.40703125 0.7828125 0.0765625 0.0453125
0 0.64921875 0.34921875 0.084375 0.065625
0 0.4484375 0.4421875 0.06875 0.046875
0 0.60703125 0.76328125 0.0578125 0.046875
0 0.5296875 0.68203125 0.06875 0.0546875
0 0.69453125 0.746875 0.2546875 0.109375
0 0.5671875 0.2125 0.0703125 0.059375
0 0.771875 0.446875 0.06875 0.05625