0 0.2890625 0.39921875 0.078125 0.05625
0 0.3453125 0.40390625 0.0671875 0.071875
0 0.29921875 0.5328125 0.05625 0.05
0 0.0671875 0.71796875 0.0671875 0.046875
0 0.2640625 0.70625 0.071875 0.04375
0 0.21484375 0.62890625 0.06875 0.046875
0 0.38046875 0.52734375 0.053125 0.0375
0 0.5796875 0.61171875 0.0625 0.040625
0 0.51640625 0.62578125 0.059375 0.03125
0 0.3390625 0.63359375 0.065625 0.0375
0 0.5015625 0.48828125 0.0921875 0.053125
0 0.5578125 0.43671875 0.0453125 0.040625
0 0.42421875 0.32109375 0.0546875 0.0296875
0 0.6734375 0.48828125 0.05 0.040625
0 0.5609375 0.54296875 0.0484375 0.0375
0 0.40703125 0.47578125 0.0796875 0.05625
0 0.41796875 0.68359375 0.1015625 0.040625
0 0.4765625 0.54375 0.109375 0.05
0 0.296875 0.47265625 0.053125 0.059375
0 0.57421875 0.484375 0.04375 0.05625
0 0.61484375 0.4671875 0.0359375 0.0484375
0 0.6875 0.38515625 0.05 0.04375