0 0.79609375 0.44609375 0.115625 0.0875
0 0.18671875 0.49296875 0.121875 0.121875
0 0.1078125 0.5890625 0.109375 0.1015625
0 0.50546875 0.3859375 0.053125 0.04375
0 0.6609375 0.609375 0.11875 0.078125
0 0.59765625 0.4515625 0.0625 0.065625
0 0.59609375 0.52109375 0.1125 0.0796875
0 0.7515625 0.29296875 0.1109375 0.125
0 0.59765625 0.32734375 0.134375 0.090625
0 0.82421875 0.18515625 0.059375 0.075
0 0.91484375 0.14453125 0.1359375 0.0859375
0 0.42578125 0.5 0.1375 0.121875
0 0.41484375 0.38046875 0.11875 0.0734375
0 0.2296875 0.35546875 0.1390625 0.0859375
0 0.2828125 0.25234375 0.15 0.1125