0 0.44609375 0.2359375 0.03671875 0.08046875
0 0.509375 0.178125 0.05859375 0.06015625
0 0.5484375 0.2671875 0.0390625 0.0609375
0 0.45 0.45625 0.0296875 0.04296875
0 0.515625 0.41953125 0.04140625 0.04921875
0 0.61640625 0.2375 0.0234375 0.046875
0 0.57109375 0.32734375 0.04140625 0.0546875
0 0.60234375 0.2890625 0.02109375 0.04765625
0 0.33515625 0.1015625 0.04140625 0.03828125
0 0.4390625 0.1046875 0.0390625 0.059375
0 0.42109375 0.5234375 0.0453125 0.059375
0 0.571875 0.578125 0.03984375 0.06796875
0 0.56484375 0.43515625 0.0296875 0.04453125
0 0.42890625 0.3703125 0.03828125 0.05546875
0 0.38515625 0.434375 0.03671875 0.05234375
0 0.38515625 0.3625 0.0328125 0.0625
0 0.46875 0.525 0.028125 0.04296875