0 0.61796875 0.2578125 0.05859375 0.09375
0 0.87109375 0.25546875 0.06328125 0.0984375
0 0.7046875 0.06015625 0.0546875 0.0984375
0 0.31328125 0.6984375 0.06640625 0.10078125
0 0.37265625 0.74453125 0.06015625 0.08984375
0 0.7875 0.83671875 0.053125 0.084375
0 0.5390625 0.3578125 0.0703125 0.08203125
0 0.28046875 0.4203125 0.0640625 0.10703125
0 0.3609375 0.1328125 0.05625 0.0796875
0 0.32890625 0.203125 0.05859375 0.09921875
0 0.46953125 0.38203125 0.07421875 0.07421875
0 0.73203125 0.6015625 0.06640625 0.08046875