0 0.17109375 0.10703125 0.084375 0.075
0 0.3578125 0.53046875 0.090625 0.0625
0 0.9015625 0.53203125 0.109375 0.0875
0 0.7453125 0.5921875 0.115625 0.059375
0 0.46328125 0.6234375 0.0796875 0.059375
0 0.43984375 0.32109375 0.0875 0.075
0 0.38046875 0.41328125 0.1 0.1
0 0.20859375 0.3796875 0.103125 0.06875
0 0.27578125 0.1921875 0.09375 0.090625
0 0.03515625 0.38828125 0.0703125 0.10625
0 0.0765625 0.6046875 0.096875 0.0984375
0 0.34375 0.66015625 0.1 0.06875
0 0.1078125 0.2984375 0.103125 0.1109375
0 0.03828125 0.73671875 0.0765625 0.08125
0 0.24765625 0.69296875 0.1 0.059375