0 0.43515625 0.8546875 0.075 0.0421875
0 0.54609375 0.77421875 0.0890625 0.0359375
0 0.8125 0.58203125 0.0625 0.040625
0 0.14609375 0.72734375 0.0765625 0.046875
0 0.0828125 0.79296875 0.075 0.0390625
0 0.41640625 0.63828125 0.0609375 0.0375
0 0.28046875 0.5765625 0.071875 0.05
0 0.53359375 0.4984375 0.06875 0.0421875
0 0.57578125 0.6109375 0.075 0.04375
0 0.62734375 0.53203125 0.05 0.0390625
0 0.74296875 0.5125 0.065625 0.05
0 0.3953125 0.46953125 0.128125 0.0875
0 0.3578125 0.6125 0.075 0.0921875