0 0.1546875 0.51875 0.05 0.06875
0 0.21875 0.09453125 0.0265625 0.0828125
0 0.28359375 0.2171875 0.04375 0.0625
0 0.45546875 0.34609375 0.0359375 0.0578125
0 0.69296875 0.41484375 0.040625 0.0625
0 0.39921875 0.771875 0.0390625 0.065625
0 0.403125 0.9 0.0484375 0.0625
0 0.240625 0.6875 0.04375 0.059375
0 0.178125 0.6671875 0.0453125 0.0796875
0 0.184375 0.4015625 0.0375 0.059375
0 0.28515625 0.5578125 0.034375 0.05625
0 0.35859375 0.50390625 0.0453125 0.0609375
0 0.28046875 0.796875 0.040625 0.065625
0 0.6671875 0.778125 0.040625 0.065625
0 0.69921875 0.76015625 0.034375 0.059375
0 0.14921875 0.92109375 0.034375 0.0484375