0 0.678125 0.27265625 0.0640625 0.05625
0 0.8828125 0.2875 0.103125 0.0890625
0 0.87265625 0.1953125 0.059375 0.0953125
0 0.73671875 0.11171875 0.125 0.059375
0 0.2734375 0.30546875 0.09375 0.0625
0 0.2546875 0.55390625 0.065625 0.0640625
0 0.1953125 0.5109375 0.05625 0.05
0 0.090625 0.4765625 0.065625 0.109375
0 0.1890625 0.66875 0.0734375 0.059375
0 0.7859375 0.8765625 0.1375 0.075
0 0.59375 0.84140625 0.0734375 0.053125
0 0.36796875 0.7609375 0.0703125 0.05625
0 0.659375 0.6265625 0.0453125 0.05