0 0.72734375 0.4296875 0.04609375 0.0578125
0 0.775 0.40546875 0.03671875 0.04453125
0 0.81015625 0.82421875 0.03828125 0.05546875
0 0.47734375 0.81171875 0.04296875 0.059375
0 0.0328125 0.87890625 0.04375 0.059375
0 0.43046875 0.3390625 0.03359375 0.06015625
0 0.625 0.52265625 0.040625 0.05390625
0 0.58828125 0.34375 0.06171875 0.04765625
0 0.29375 0.3828125 0.0484375 0.05859375
0 0.24296875 0.7921875 0.04375 0.059375
0 0.496875 0.28828125 0.05859375 0.078125
0 0.53203125 0.08828125 0.03203125 0.0515625
0 0.7625 0.75703125 0.07421875 0.07890625