0 0.40625 0.35234375 0.11015625 0.153125
0 0.6515625 0.4 0.075 0.08515625
0 0.19453125 0.2375 0.07734375 0.1046875
0 0.15390625 0.3859375 0.09375 0.09609375
0 0.203125 0.465625 0.07578125 0.09296875
0 0.32265625 0.2125 0.0671875 0.15546875
0 0.5171875 0.3453125 0.05078125 0.0796875
0 0.65078125 0.4875 0.065625 0.078125
0 0.58125 0.6609375 0.0421875 0.09765625
0 0.64765625 0.65390625 0.04765625 0.09375
0 0.6625 0.7515625 0.046875 0.05703125
0 0.4296875 0.684375 0.07734375 0.12109375
0 0.2609375 0.66171875 0.078125 0.1359375
0 0.36640625 0.4859375 0.04140625 0.06484375
0 0.49140625 0.51953125 0.09609375 0.09375
0 0.49609375 0.42109375 0.078125 0.09296875