0 0.70546875 0.64140625 0.0578125 0.05625
0 0.53828125 0.5546875 0.084375 0.08125
0 0.56015625 0.38125 0.0546875 0.05625
0 0.86171875 0.5578125 0.053125 0.05
0 0.89375 0.6265625 0.053125 0.0453125
0 0.734375 0.86328125 0.109375 0.059375
0 0.56015625 0.875 0.0484375 0.05625
0 0.228125 0.1609375 0.0375 0.04375
0 0.140625 0.14453125 0.0359375 0.0390625
0 0.20078125 0.3375 0.0375 0.040625
0 0.14453125 0.45546875 0.078125 0.0875
0 0.13046875 0.22265625 0.053125 0.0625
0 0.33515625 0.525 0.0625 0.065625
0 0.365625 0.58359375 0.04375 0.0484375
0 0.80390625 0.315625 0.0625 0.053125
0 0.84296875 0.225 0.0625 0.0484375
0 0.87109375 0.45078125 0.053125 0.05
0 0.86640625 0.40234375 0.0578125 0.0421875
0 0.81171875 0.4515625 0.05 0.0421875
0 0.909375 0.78125 0.046875 0.0453125
0 0.61015625 0.62265625 0.046875 0.040625
0 0.6328125 0.771875 0.0625 0.046875
0 0.53515625 0.796875 0.0671875 0.0421875
0 0.8421875 0.4296875 0.13125 0.1125
0 0.721875 0.63984375 0.1234375 0.121875
0 0.28359375 0.67890625 0.096875 0.134375