0 0.60078125 0.2890625 0.05703125 0.078125
0 0.59609375 0.3453125 0.07109375 0.0671875
0 0.4671875 0.29921875 0.04921875 0.05703125
0 0.28203125 0.0671875 0.04609375 0.0671875
0 0.29375 0.2640625 0.04453125 0.07109375
0 0.37109375 0.21484375 0.046875 0.06875
0 0.47265625 0.38046875 0.0375 0.05234375
0 0.38828125 0.5796875 0.03984375 0.06328125
0 0.37421875 0.51640625 0.03203125 0.06015625
0 0.36640625 0.3390625 0.0375 0.06484375
0 0.51171875 0.5015625 0.05234375 0.0921875
0 0.56328125 0.5578125 0.03984375 0.0453125
0 0.67890625 0.42421875 0.0296875 0.0546875
0 0.51171875 0.6734375 0.03984375 0.05078125
0 0.45703125 0.5609375 0.03671875 0.0484375
0 0.52421875 0.40703125 0.05625 0.0796875
0 0.31640625 0.41796875 0.04140625 0.1015625
0 0.45625 0.4765625 0.05 0.109375
0 0.52734375 0.296875 0.05859375 0.053125
0 0.515625 0.57421875 0.05625 0.04453125
0 0.5328125 0.61484375 0.0484375 0.0359375
0 0.61484375 0.6875 0.04375 0.04921875