0 0.27265625 0.34296875 0.040625 0.034375
0 0.21328125 0.32890625 0.04375 0.0671875
0 0.2953125 0.659375 0.05 0.0421875
0 0.528125 0.43984375 0.0484375 0.034375
0 0.29140625 0.82578125 0.115625 0.084375
0 0.35078125 0.5671875 0.0625 0.053125
0 0.12578125 0.428125 0.0671875 0.06875
0 0.10625 0.61796875 0.1 0.071875
0 0.24765625 0.44140625 0.11875 0.090625
0 0.2546875 0.5296875 0.0609375 0.0375
0 0.53359375 0.30390625 0.04375 0.04375
0 0.52109375 0.34921875 0.04375 0.03125
0 0.38359375 0.2703125 0.0671875 0.0546875
0 0.21484375 0.60546875 0.09375 0.0796875
0 0.4390625 0.61015625 0.071875 0.075
0 0.41796875 0.7203125 0.0421875 0.0375
0 0.4328125 0.31484375 0.04375 0.034375