0 0.4703125 0.5015625 0.1109375 0.125
0 0.4765625 0.296875 0.0609375 0.090625
0 0.37421875 0.43828125 0.046875 0.059375
0 0.284375 0.60078125 0.05625 0.075
0 0.609375 0.94765625 0.0625 0.078125
0 0.72109375 0.5640625 0.0453125 0.0671875
0 0.6671875 0.48203125 0.059375 0.0765625
0 0.45 0.66875 0.065625 0.084375
0 0.50625 0.7296875 0.053125 0.06875
0 0.57265625 0.7890625 0.0484375 0.078125
0 0.51875 0.8265625 0.053125 0.103125
0 0.04765625 0.6453125 0.05625 0.075
0 0.15390625 0.78046875 0.075 0.0953125
0 0.05859375 0.853125 0.071875 0.128125
0 0.18828125 0.46328125 0.0640625 0.0671875
0 0.55390625 0.5890625 0.0640625 0.075
0 0.42890625 0.9703125 0.0953125 0.059375
0 0.453125 0.853125 0.065625 0.1296875