0 0.52109375 0.63828125 0.0515625 0.0640625
0 0.57109375 0.76875 0.0484375 0.06171875
0 0.62578125 0.68046875 0.04140625 0.05703125
0 0.8515625 0.36953125 0.05 0.0578125
0 0.66640625 0.1140625 0.046875 0.0625
0 0.75234375 0.121875 0.0484375 0.06328125
0 0.6640625 0.3109375 0.05078125 0.05234375
0 0.4671875 0.46796875 0.03828125 0.0421875
0 0.5578125 0.44609375 0.0453125 0.059375
0 0.72734375 0.421875 0.040625 0.05546875
0 0.6046875 0.56953125 0.05078125 0.053125
0 0.41171875 0.66015625 0.04609375 0.05234375
0 0.8046875 0.53984375 0.0453125 0.05
0 0.6734375 0.21328125 0.06953125 0.08671875
0 0.75859375 0.90625 0.0375 0.05078125
0 0.77265625 0.43046875 0.053125 0.04296875