0 0.11328125 0.5140625 0.08046875 0.0734375
0 0.1375 0.65 0.1015625 0.1046875
0 0.2546875 0.8171875 0.1 0.07109375
0 0.06171875 0.85703125 0.1234375 0.1140625
0 0.1421875 0.96171875 0.115625 0.07578125
0 0.28828125 0.53984375 0.19921875 0.16875
0 0.04296875 0.33984375 0.0859375 0.178125
0 0.03828125 0.12578125 0.0765625 0.0953125
0 0.24609375 0.02734375 0.1546875 0.0546875
0 0.40546875 0.0875 0.1703125 0.146875
0 0.834375 0.2703125 0.22265625 0.175
0 0.9265625 0.38671875 0.11171875 0.08984375
0 0.9046875 0.56875 0.1171875 0.115625
0 0.78125 0.5703125 0.0859375 0.09453125
0 0.9109375 0.7140625 0.178125 0.1515625
0 0.64765625 0.44921875 0.13984375 0.15390625
0 0.490625 0.5046875 0.18984375 0.153125
0 0.45625 0.3484375 0.16484375 0.10234375
0 0.303125 0.2515625 0.12109375 0.08828125
0 0.484375 0.21875 0.12578125 0.11171875
0 0.5703125 0.07265625 0.09453125 0.1
0 0.2265625 0.12578125 0.13046875 0.12890625
0 0.71328125 0.15078125 0.09375 0.06796875
0 0.47578125 0.71171875 0.3421875 0.23359375
0 0.840625 0.8640625 0.10234375 0.09609375