0 0.21953125 0.89140625 0.0890625 0.053125
0 0.14296875 0.49609375 0.09375 0.040625
0 0.715625 0.24375 0.11875 0.071875
0 0.8875 0.4203125 0.109375 0.090625
0 0.82109375 0.5875 0.090625 0.04375
0 0.71796875 0.98046875 0.109375 0.0390625
0 0.421875 0.4984375 0.0953125 0.04375
0 0.58359375 0.12421875 0.09375 0.0359375
0 0.72421875 0.1203125 0.0765625 0.04375
0 0.7703125 0.690625 0.05 0.028125
0 0.93046875 0.66953125 0.071875 0.04375
0 0.5265625 0.6375 0.090625 0.04375
0 0.31796875 0.59921875 0.065625 0.034375
0 0.48515625 0.8359375 0.059375 0.040625
0 0.2765625 0.42578125 0.065625 0.034375
0 0.7890625 0.65390625 0.071875 0.03125
0 0.10234375 0.9625 0.1046875 0.0390625