0 0.3578125 0.09453125 0.0390625 0.0640625
0 0.63828125 0.084375 0.04375 0.11015625
0 0.56015625 0.3578125 0.04765625 0.06640625
0 0.43984375 0.2484375 0.03671875 0.07890625
0 0.321875 0.30390625 0.046875 0.0703125
0 0.33203125 0.20546875 0.059375 0.08828125
0 0.40859375 0.1109375 0.0359375 0.0671875
0 0.2515625 0.03828125 0.0484375 0.0765625
0 0.33203125 0.6625 0.06328125 0.09375
0 0.346875 0.8765625 0.04296875 0.06484375
0 0.52578125 0.89375 0.04375 0.05703125
0 0.60625 0.78828125 0.1 0.11484375
0 0.61875 0.6984375 0.06640625 0.09921875
0 0.54140625 0.6 0.0796875 0.1125
0 0.59609375 0.55234375 0.0359375 0.06015625
0 0.58671875 0.44765625 0.078125 0.06328125
0 0.7328125 0.428125 0.0640625 0.08671875
0 0.659375 0.4265625 0.05078125 0.09609375
0 0.715625 0.175 0.0375 0.05390625
0 0.95703125 0.46953125 0.04140625 0.05
0 0.96796875 0.73671875 0.03125 0.05703125
0 0.7703125 0.77265625 0.075 0.13828125
0 0.68984375 0.74375 0.0484375 0.0703125
0 0.74296875 0.59765625 0.06328125 0.0921875
0 0.67734375 0.61171875 0.03671875 0.06640625
0 0.1609375 0.83828125 0.065625 0.0625
0 0.0203125 0.77890625 0.040625 0.0671875
0 0.0796875 0.60234375 0.034375 0.0625
0 0.83984375 0.76015625 0.04375 0.0828125
0 0.7828125 0.34609375 0.04296875 0.06328125