0 0.5234375 0.13984375 0.08515625 0.07734375
0 0.75625 0.4046875 0.0625 0.0625
0 0.76484375 0.48359375 0.071875 0.08828125
0 0.78515625 0.65859375 0.1140625 0.19375
0 0.6453125 0.69609375 0.07109375 0.071875
0 0.61875 0.8125 0.09765625 0.08359375
0 0.70234375 0.759375 0.0734375 0.10859375
0 0.78203125 0.82890625 0.065625 0.07734375
0 0.54296875 0.57109375 0.0640625 0.08359375
0 0.60390625 0.6078125 0.0484375 0.07421875
0 0.55703125 0.6765625 0.08671875 0.0953125
0 0.5609375 0.3921875 0.05859375 0.103125
0 0.275 0.07109375 0.06171875 0.075
0 0.728125 0.20546875 0.05 0.11484375
0 0.2453125 0.809375 0.05078125 0.078125
0 0.4984375 0.759375 0.10078125 0.0875