0 0.7875 0.65078125 0.103125 0.05
0 0.4359375 0.6859375 0.059375 0.034375
0 0.52421875 0.6484375 0.0875 0.046875
0 0.57734375 0.57734375 0.071875 0.0359375
0 0.65 0.55078125 0.090625 0.05
0 0.72578125 0.328125 0.16875 0.06875
0 0.828125 0.41796875 0.125 0.04375
0 0.4578125 0.36328125 0.0828125 0.0375
0 0.38359375 0.45703125 0.065625 0.0609375
0 0.5125 0.53984375 0.059375 0.034375
0 0.78125 0.52734375 0.0625 0.0328125
0 0.446875 0.45625 0.05 0.0375
0 0.58359375 0.4171875 0.11875 0.0515625
0 0.575 0.375 0.0640625 0.025