0 0.74609375 0.2796875 0.0375 0.0265625
0 0.83828125 0.48828125 0.0390625 0.021875
0 0.79375 0.625 0.065625 0.034375
0 0.7953125 0.58828125 0.034375 0.040625
0 0.590625 0.53359375 0.0515625 0.0296875
0 0.42421875 0.3046875 0.04375 0.028125
0 0.42734375 0.390625 0.040625 0.028125
0 0.7 0.3125 0.04375 0.028125
0 0.74765625 0.353125 0.0375 0.028125
0 0.20859375 0.5796875 0.040625 0.025
0 0.24140625 0.690625 0.0390625 0.0296875
0 0.340625 0.759375 0.040625 0.0375
0 0.31328125 0.7125 0.053125 0.034375
0 0.36640625 0.30390625 0.0375 0.028125
0 0.359375 0.3984375 0.053125 0.034375
0 0.81875 0.28515625 0.0375 0.028125