0 0.1578125 0.7109375 0.0609375 0.04375
0 0.24140625 0.71328125 0.08125 0.03125
0 0.175 0.51640625 0.075 0.04375
0 0.54921875 0.68203125 0.0734375 0.046875
0 0.46796875 0.61484375 0.084375 0.046875
0 0.33671875 0.33984375 0.1125 0.0375
0 0.4734375 0.3453125 0.078125 0.0390625
0 0.67578125 0.29765625 0.09375 0.04375
0 0.7765625 0.14296875 0.0859375 0.040625
0 0.84765625 0.31796875 0.05625 0.046875
0 0.765625 0.57109375 0.0609375 0.040625
0 0.70546875 0.5328125 0.06875 0.0375
0 0.80703125 0.58984375 0.059375 0.0390625
0 0.78125 0.73828125 0.0609375 0.03125
0 0.28828125 0.6859375 0.065625 0.028125
0 0.5625 0.08984375 0.0671875 0.034375
0 0.69453125 0.2390625 0.1 0.04375