0 0.1578125 0.15703125 0.0375 0.065625
0 0.16640625 0.3015625 0.046875 0.0671875
0 0.29453125 0.2609375 0.03125 0.0703125
0 0.34453125 0.20625 0.040625 0.053125
0 0.515625 0.06015625 0.0390625 0.05
0 0.821875 0.221875 0.046875 0.059375
0 0.78671875 0.340625 0.0375 0.0546875
0 0.84453125 0.1015625 0.03125 0.0734375
0 0.8359375 0.31328125 0.03125 0.046875
0 0.7265625 0.13359375 0.03125 0.05
0 0.6234375 0.35859375 0.03125 0.065625
0 0.4703125 0.45546875 0.0296875 0.0453125
0 0.36796875 0.621875 0.040625 0.075
0 0.31015625 0.62421875 0.03125 0.053125
0 0.446875 0.91796875 0.0625 0.0765625
0 0.58671875 0.89375 0.0375 0.08125
0 0.6890625 0.80625 0.040625 0.090625
0 0.66796875 0.659375 0.0375 0.059375
0 0.715625 0.64765625 0.0390625 0.0671875
0 0.7625 0.48984375 0.0359375 0.059375
0 0.3078125 0.56015625 0.028125 0.0375
0 0.1703125 0.50234375 0.034375 0.071875
0 0.71875 0.5640625 0.0375 0.059375
0 0.58125 0.74921875 0.028125 0.0484375
0 0.3828125 0.91640625 0.0296875 0.0890625
0 0.80859375 0.50078125 0.028125 0.05
0 0.53515625 0.803125 0.0328125 0.046875
0 0.3015625 0.80625 0.03125 0.0484375
0 0.2515625 0.2515625 0.0375 0.059375
0 0.2125 0.40234375 0.028125 0.040625
0 0.715625 0.40859375 0.053125 0.053125