0 0.09921875 0.78046875 0.0375 0.0546875
0 0.38125 0.6828125 0.0390625 0.040625
0 0.496875 0.20703125 0.0484375 0.096875
0 0.5625 0.32578125 0.0375 0.046875
0 0.59921875 0.225 0.04375 0.053125
0 0.65859375 0.16640625 0.034375 0.05625
0 0.71640625 0.5046875 0.034375 0.05625
0 0.73046875 0.565625 0.0703125 0.059375
0 0.65546875 0.6171875 0.0875 0.065625
0 0.61640625 0.29609375 0.065625 0.0875
0 0.68359375 0.2296875 0.0546875 0.071875
0 0.73125 0.3171875 0.040625 0.0625
0 0.690625 0.4171875 0.0625 0.1
0 0.59453125 0.56484375 0.0859375 0.078125