0 0.29453125 0.02421875 0.1015625 0.0484375
0 0.32578125 0.0828125 0.08125 0.05
0 0.540625 0.22265625 0.05625 0.03125
0 0.37734375 0.1453125 0.078125 0.0484375
0 0.35234375 0.26640625 0.0765625 0.040625
0 0.35 0.5640625 0.078125 0.0546875
0 0.5109375 0.79140625 0.05625 0.0375
0 0.44765625 0.7984375 0.059375 0.053125
0 0.38671875 0.76796875 0.09375 0.059375
0 0.253125 0.1421875 0.06875 0.04375
0 0.0921875 0.3140625 0.06875 0.034375
0 0.34453125 0.4984375 0.053125 0.034375
0 0.15546875 0.0265625 0.071875 0.053125