0 0.64765625 0.40625 0.153125 0.109375
0 0.6 0.6515625 0.084375 0.075
0 0.7625 0.19453125 0.1046875 0.078125
0 0.6140625 0.15390625 0.096875 0.09375
0 0.534375 0.203125 0.09375 0.075
0 0.7875 0.32265625 0.15625 0.0671875
0 0.6546875 0.5171875 0.0796875 0.05
0 0.5125 0.65078125 0.078125 0.065625
0 0.3390625 0.58125 0.096875 0.0421875
0 0.34609375 0.64765625 0.09375 0.046875
0 0.2484375 0.6625 0.05625 0.046875
0 0.315625 0.4296875 0.121875 0.078125
0 0.33828125 0.2609375 0.1359375 0.078125
0 0.5140625 0.36640625 0.065625 0.040625
0 0.48046875 0.49140625 0.09375 0.096875
0 0.57890625 0.49609375 0.09375 0.078125