0 0.29296875 0.70625 0.0453125 0.0890625
0 0.325 0.7546875 0.0421875 0.05546875
0 0.29453125 0.96015625 0.0390625 0.0796875
0 0.79296875 0.56171875 0.0359375 0.07265625
0 0.79453125 0.64609375 0.040625 0.04140625
0 0.7171875 0.5875 0.053125 0.05
0 0.6921875 0.475 0.0453125 0.0890625
0 0.7671875 0.45078125 0.0875 0.0796875
0 0.7828125 0.37109375 0.08828125 0.07421875
0 0.753125 0.2828125 0.05 0.0640625
0 0.8140625 0.290625 0.04296875 0.071875
0 0.84375 0.1671875 0.06640625 0.184375
0 0.7296875 0.11171875 0.06953125 0.05078125
0 0.221875 0.42734375 0.07734375 0.096875
0 0.0828125 0.34375 0.05390625 0.08984375
0 0.0234375 0.2140625 0.04609375 0.109375
0 0.090625 0.2234375 0.0796875 0.1078125
0 0.059375 0.11328125 0.05546875 0.13125
0 0.15390625 0.1078125 0.10234375 0.096875
0 0.15390625 0.44609375 0.040625 0.08671875
0 0.85625 0.41875 0.05546875 0.0828125
0 0.8875 0.3109375 0.0828125 0.14609375