0 0.4796875 0.790625 0.071875 0.053125
0 0.13984375 0.60078125 0.065625 0.0609375
0 0.26796875 0.28359375 0.0875 0.059375
0 0.384375 0.2890625 0.04375 0.028125
0 0.62734375 0.625 0.096875 0.0515625
0 0.8609375 0.475 0.0421875 0.021875
0 0.4546875 0.61796875 0.05 0.0359375
0 0.0875 0.78359375 0.075 0.0453125
0 0.3328125 0.20078125 0.05 0.034375
0 0.36796875 0.12109375 0.05 0.0296875
0 0.37734375 0.08984375 0.04375 0.0234375
0 0.5734375 0.3390625 0.053125 0.028125
0 0.91875 0.309375 0.059375 0.0296875