0 0.32734375 0.49921875 0.065625 0.053125
0 0.24453125 0.61640625 0.08125 0.0625
0 0.20390625 0.52890625 0.08125 0.0546875
0 0.12109375 0.58125 0.0609375 0.059375
0 0.328125 0.79453125 0.109375 0.0703125
0 0.309375 0.88671875 0.075 0.0640625
0 0.215625 0.88515625 0.096875 0.05625
0 0.1859375 0.80234375 0.134375 0.0703125
0 0.86875 0.13515625 0.0796875 0.053125
0 0.91640625 0.2921875 0.06875 0.0515625
0 0.9734375 0.1203125 0.053125 0.071875
0 0.86796875 0.22734375 0.05625 0.071875
0 0.78203125 0.16328125 0.065625 0.0484375
0 0.44609375 0.38671875 0.1375 0.0859375
0 0.33984375 0.58125 0.06875 0.065625
0 0.80703125 0.94453125 0.0625 0.040625