0 0.43984375 0.56640625 0.1046875 0.0484375
0 0.10859375 0.4703125 0.0625 0.034375
0 0.403125 0.4625 0.078125 0.034375
0 0.23671875 0.371875 0.15 0.046875
0 0.24296875 0.29765625 0.0671875 0.0484375
0 0.2921875 0.2515625 0.09375 0.025
0 0.71171875 0.578125 0.084375 0.053125
0 0.84375 0.87890625 0.075 0.040625
0 0.77890625 0.78671875 0.0609375 0.0375
0 0.834375 0.7828125 0.05 0.0375
0 0.79765625 0.70625 0.05625 0.03125
0 0.80546875 0.60859375 0.05 0.025
0 0.86875 0.4125 0.0609375 0.0328125
0 0.55703125 0.7578125 0.071875 0.05
0 0.5890625 0.69609375 0.0640625 0.0578125
0 0.571875 0.59765625 0.096875 0.0609375
0 0.55 0.37421875 0.0609375 0.028125
0 0.53359375 0.3109375 0.065625 0.040625
0 0.36875 0.8171875 0.075 0.05625
0 0.6875 0.7140625 0.0875 0.084375
0 0.71015625 0.42734375 0.059375 0.046875
0 0.6390625 0.55390625 0.046875 0.034375
0 0.61640625 0.3 0.0609375 0.0265625