0 0.440625 0.571875 0.0390625 0.071875
0 0.53203125 0.76640625 0.04375 0.06875
0 0.659375 0.62421875 0.040625 0.075
0 0.63203125 0.5671875 0.034375 0.08125
0 0.5921875 0.5640625 0.040625 0.071875
0 0.5765625 0.4125 0.0296875 0.059375
0 0.63515625 0.340625 0.0375 0.06875
0 0.70546875 0.31953125 0.040625 0.0765625
0 0.7125 0.24765625 0.034375 0.071875
0 0.78671875 0.4734375 0.03125 0.06875
0 0.67109375 0.41796875 0.0390625 0.075
0 0.6984375 0.49453125 0.028125 0.0515625
0 0.69609375 0.575 0.03125 0.05625
0 0.51640625 0.1671875 0.03125 0.059375
0 0.5734375 0.07109375 0.046875 0.0625
0 0.4875 0.49140625 0.034375 0.05625
0 0.55546875 0.64609375 0.0328125 0.06875
0 0.55625 0.86953125 0.0375 0.0578125