0 0.94296875 0.4140625 0.075 0.046875
0 0.7171875 0.2046875 0.0625 0.0421875
0 0.7109375 0.12421875 0.0625 0.0515625
0 0.496875 0.08046875 0.059375 0.040625
0 0.0453125 0.1859375 0.059375 0.071875
0 0.12109375 0.16640625 0.05 0.0375
0 0.0890625 0.32421875 0.1 0.059375
0 0.084375 0.4671875 0.0796875 0.0625
0 0.03828125 0.725 0.06875 0.065625
0 0.1203125 0.7765625 0.078125 0.0453125
0 0.3265625 0.49765625 0.071875 0.053125
0 0.8125 0.4640625 0.0578125 0.0375
0 0.721875 0.253125 0.084375 0.0328125
0 0.7484375 0.3203125 0.059375 0.0375
0 0.6421875 0.30703125 0.05 0.034375
0 0.58359375 0.14921875 0.0984375 0.103125
0 0.2828125 0.171875 0.0546875 0.040625
0 0.22265625 0.209375 0.05 0.0375
0 0.2359375 0.55703125 0.053125 0.0390625
0 0.2484375 0.48046875 0.059375 0.0359375
0 0.815625 0.6515625 0.053125 0.034375
0 0.9625 0.25078125 0.059375 0.040625
0 0.43828125 0.171875 0.0578125 0.05
0 0.60859375 0.48671875 0.046875 0.040625
0 0.578125 0.3609375 0.059375 0.040625
0 0.32265625 0.64921875 0.0484375 0.040625
0 0.325 0.2625 0.059375 0.034375
0 0.41796875 0.2453125 0.096875 0.040625
0 0.575 0.44609375 0.06875 0.034375
0 0.65390625 0.053125 0.059375 0.04375
0 0.75859375 0.08203125 0.0546875 0.0375