0 0.25390625 0.7203125 0.0375 0.0265625
0 0.16171875 0.51171875 0.0390625 0.021875
0 0.20625 0.375 0.065625 0.034375
0 0.2046875 0.41171875 0.034375 0.040625
0 0.409375 0.46640625 0.0515625 0.0296875
0 0.57578125 0.6953125 0.04375 0.028125
0 0.57265625 0.609375 0.040625 0.028125
0 0.3 0.6875 0.04375 0.028125
0 0.25234375 0.646875 0.0375 0.028125
0 0.79140625 0.4203125 0.040625 0.025
0 0.75859375 0.309375 0.0390625 0.0296875
0 0.659375 0.240625 0.040625 0.0375
0 0.68671875 0.2875 0.053125 0.034375
0 0.63359375 0.69609375 0.0375 0.028125
0 0.640625 0.6015625 0.053125 0.034375
0 0.18125 0.71484375 0.0375 0.028125