0 0.48125 0.1546875 0.06875 0.05
0 0.90546875 0.21875 0.0828125 0.0265625
0 0.7828125 0.28359375 0.0625 0.04375
0 0.65390625 0.45546875 0.0578125 0.0359375
0 0.58515625 0.69296875 0.0625 0.040625
0 0.228125 0.39921875 0.065625 0.0390625
0 0.1 0.403125 0.0625 0.0484375
0 0.3125 0.240625 0.059375 0.04375
0 0.3328125 0.178125 0.0796875 0.0453125
0 0.5984375 0.184375 0.059375 0.0375
0 0.4421875 0.28515625 0.05625 0.034375
0 0.49609375 0.35859375 0.0609375 0.0453125
0 0.203125 0.28046875 0.065625 0.040625
0 0.221875 0.6671875 0.065625 0.040625
0 0.23984375 0.69921875 0.059375 0.034375
0 0.07890625 0.14921875 0.0484375 0.034375